# wavelength_um flux_jy
0.320100 9.530801e+01
0.320400 9.606317e+01
0.320700 9.700668e+01
0.321000 9.865931e+01
0.321300 9.982252e+01
0.321600 9.797009e+01
0.321900 9.406337e+01
0.322200 9.370813e+01
0.322200 2.221601e+02
0.322500 9.745453e+01
0.322800 2.177997e+02
0.322800 9.792850e+01
0.323100 9.338552e+01
0.323400 2.138483e+02
0.323400 9.611547e+01
0.323700 9.827705e+01
0.324000 2.116330e+02
0.324000 9.405457e+01
0.324300 9.729306e+01
0.324600 2.098580e+02
0.324600 9.499038e+01
0.324900 9.317899e+01
0.325200 2.067380e+02
0.325200 9.391102e+01
0.325500 9.420682e+01
0.325800 2.040790e+02
0.325800 9.508130e+01
0.326100 9.403339e+01
0.326400 2.032842e+02
0.326400 9.358865e+01
0.326700 9.422498e+01
0.327000 9.326552e+01
0.327000 2.020885e+02
0.327300 9.383640e+01
0.327600 1.995253e+02
0.327600 9.059930e+01
0.327900 9.398468e+01
0.328200 1.976995e+02
0.328200 9.442385e+01
0.328500 9.331408e+01
0.328800 1.969436e+02
0.328800 9.474276e+01
0.329100 9.415904e+01
0.329400 1.955104e+02
0.329400 9.640761e+01
0.329700 9.084896e+01
0.330000 1.934980e+02
0.330000 9.426099e+01
0.330300 9.330198e+01
0.330600 9.073776e+01
0.330600 1.923247e+02
0.330900 9.024970e+01
0.331200 1.920022e+02
0.331200 9.222389e+01
0.331500 8.978449e+01
0.331800 9.005446e+01
0.331800 1.915110e+02
0.332100 9.179649e+01
0.332400 1.905382e+02
0.332400 8.920486e+01
0.332700 9.103258e+01
0.333000 9.251545e+01
0.333000 1.896882e+02
0.333300 8.892032e+01
0.333600 1.890464e+02
0.333600 8.945026e+01
0.333900 8.961694e+01
0.334200 1.878810e+02
0.334200 8.981094e+01
0.334500 8.720453e+01
0.334800 1.862539e+02
0.334800 8.885651e+01
0.335100 9.034839e+01
0.335400 8.820139e+01
0.335400 1.849429e+02
0.335700 9.105556e+01
0.336000 1.840926e+02
0.336000 9.200214e+01
0.336300 9.158723e+01
0.336600 9.259724e+01
0.336600 1.835368e+02
0.336900 9.178324e+01
0.337200 1.829647e+02
0.337200 9.215859e+01
0.337500 9.182892e+01
0.337800 9.313359e+01
0.337800 1.819173e+02
0.338100 9.122397e+01
0.338400 1.809583e+02
0.338400 9.119141e+01
0.338700 9.105702e+01
0.339000 1.806205e+02
0.339000 9.234043e+01
0.339300 9.286514e+01
0.339600 1.803170e+02
0.339600 9.315528e+01
0.339900 9.261921e+01
0.340200 9.252922e+01
0.340200 1.800366e+02
0.340500 9.238655e+01
0.340800 1.798606e+02
0.340800 9.253778e+01
0.341100 9.269628e+01
0.341400 9.271247e+01
0.341400 1.791692e+02
0.341700 9.320827e+01
0.342000 1.780491e+02
0.342000 9.337924e+01
0.342300 9.286286e+01
0.342600 9.350367e+01
0.342600 1.773307e+02
0.342900 9.396744e+01
0.343200 1.772816e+02
0.343200 9.362249e+01
0.343500 9.237660e+01
0.343800 1.776751e+02
0.343800 9.330356e+01
0.344100 9.345693e+01
0.344400 1.781312e+02
0.344400 9.370164e+01
0.344700 9.327689e+01
0.345000 9.415693e+01
0.345000 1.781374e+02
0.345300 9.420528e+01
0.345600 1.776646e+02
0.345600 9.309381e+01
0.345900 9.430173e+01
0.346200 1.772642e+02
0.346200 9.435000e+01
0.346500 9.398613e+01
0.346800 9.410166e+01
0.346800 1.771376e+02
0.347100 9.437057e+01
0.347400 1.769342e+02
0.347400 9.492284e+01
0.347700 9.444636e+01
0.348000 1.765743e+02
0.348000 9.431324e+01
0.348300 9.438564e+01
0.348600 1.764216e+02
0.348600 9.482166e+01
0.348900 9.483223e+01
0.349200 1.763058e+02
0.349200 9.467119e+01
0.349500 9.555570e+01
0.349800 9.565334e+01
0.349800 1.755508e+02
0.350100 9.549244e+01
0.350400 1.743875e+02
0.350400 9.486889e+01
0.350700 9.554468e+01
0.351000 9.467193e+01
0.351000 1.737502e+02
0.351300 9.443736e+01
0.351600 1.735804e+02
0.351600 9.518213e+01
0.351900 9.516988e+01
0.352200 9.466912e+01
0.352200 1.731434e+02
0.352500 9.409287e+01
0.352800 1.725524e+02
0.352800 9.459283e+01
0.353100 9.395541e+01
0.353400 1.721598e+02
0.353400 9.445627e+01
0.353700 9.400040e+01
0.354000 1.717127e+02
0.354000 9.328211e+01
0.354300 9.368919e+01
0.354600 9.380638e+01
0.354600 1.710691e+02
0.354900 9.377305e+01
0.355200 1.704241e+02
0.355200 9.364795e+01
0.355500 9.307426e+01
0.355800 9.376245e+01
0.355800 1.698889e+02
0.356100 9.392079e+01
0.356400 1.694614e+02
0.356400 9.369870e+01
0.356700 9.381156e+01
0.357000 9.403296e+01
0.357000 1.690181e+02
0.357300 9.389421e+01
0.357600 1.682875e+02
0.357600 9.365108e+01
0.357900 9.368258e+01
0.358200 9.347285e+01
0.358200 1.672161e+02
0.358500 9.330405e+01
0.358800 1.661258e+02
0.358800 9.309630e+01
0.359100 9.296348e+01
0.359400 1.655077e+02
0.359400 9.255253e+01
0.359700 9.276936e+01
0.360000 1.655154e+02
0.360000 9.231212e+01
0.360300 9.249306e+01
0.360600 9.232373e+01
0.360600 1.653581e+02
0.360900 9.182721e+01
0.361200 1.642756e+02
0.361200 9.204332e+01
0.361500 9.220233e+01
0.361800 9.158699e+01
0.361800 1.630620e+02
0.362100 9.202174e+01
0.362400 1.626282e+02
0.362400 9.193836e+01
0.362700 9.190402e+01
0.363000 1.623704e+02
0.363000 9.207542e+01
0.363300 9.260980e+01
0.363600 1.618809e+02
0.363600 9.196394e+01
0.363900 9.199148e+01
0.364200 1.617263e+02
0.364200 9.241182e+01
0.364500 9.287902e+01
0.364800 1.615787e+02
0.364800 9.251020e+01
0.365100 9.259484e+01
0.365400 9.262782e+01
0.365400 1.610540e+02
0.365700 9.224873e+01
0.366000 9.202228e+01
0.366000 1.610176e+02
0.366300 9.262552e+01
0.366600 9.262875e+01
0.366600 1.617808e+02
0.366900 9.275359e+01
0.367200 1.627777e+02
0.367200 9.330750e+01
0.367500 9.381959e+01
0.367800 9.325185e+01
0.367800 1.640477e+02
0.368100 9.477551e+01
0.368400 1.660124e+02
0.368400 9.496461e+01
0.368700 9.493522e+01
0.369000 9.509573e+01
0.369000 1.687866e+02
0.369300 9.587524e+01
0.369600 1.725572e+02
0.369600 9.699801e+01
0.369900 9.785739e+01
0.370200 9.929198e+01
0.370200 1.775653e+02
0.370500 1.013659e+02
0.370800 1.020238e+02
0.370800 1.835995e+02
0.371100 1.042281e+02
0.371400 1.074802e+02
0.371400 1.903404e+02
0.371700 1.078221e+02
0.372000 1.982383e+02
0.372000 1.088641e+02
0.372300 1.135398e+02
0.372600 1.185019e+02
0.372600 2.075430e+02
0.372900 1.184311e+02
0.373200 2.165936e+02
0.373200 1.164654e+02
0.373500 1.208235e+02
0.373800 1.311042e+02
0.373800 2.248101e+02
0.374100 1.378513e+02
0.374400 2.338919e+02
0.374400 1.343050e+02
0.374700 1.269323e+02
0.375000 1.272266e+02
0.375000 2.419565e+02
0.375300 1.389859e+02
0.375600 1.545588e+02
0.375600 2.466305e+02
0.375900 1.639670e+02
0.376200 1.601963e+02
0.376200 2.547903e+02
0.376500 1.474156e+02
0.376800 2.700908e+02
0.376800 1.357872e+02
0.377100 1.373357e+02
0.377400 1.533176e+02
0.377400 2.824694e+02
0.377700 1.727556e+02
0.378000 2.828094e+02
0.378000 1.883219e+02
0.378300 1.956571e+02
0.378600 1.935023e+02
0.378600 2.788063e+02
0.378900 1.821658e+02
0.379200 2.861840e+02
0.379200 1.633287e+02
0.379500 1.467911e+02
0.379800 1.441871e+02
0.379800 3.080115e+02
0.380100 1.602730e+02
0.380400 1.826065e+02
0.380400 3.298649e+02
0.380700 2.019563e+02
0.381000 2.149964e+02
0.381000 3.340265e+02
0.381300 2.235123e+02
0.381600 3.184396e+02
0.381600 2.253424e+02
0.381900 2.233935e+02
0.382200 2.173388e+02
0.382200 2.982251e+02
0.382500 2.058532e+02
0.382800 2.938195e+02
0.382800 1.857476e+02
0.383100 1.631604e+02
0.383400 1.498085e+02
0.383400 3.124980e+02
0.383700 1.565146e+02
0.384000 3.421199e+02
0.384000 1.777353e+02
0.384300 2.008326e+02
0.384600 2.188066e+02
0.384600 3.673151e+02
0.384900 2.304011e+02
0.385200 2.387023e+02
0.385200 3.816106e+02
0.385500 2.428150e+02
0.385800 2.469014e+02
0.385800 3.831790e+02
0.386100 2.475274e+02
0.386400 3.702656e+02
0.386400 2.472430e+02
0.386700 2.458019e+02
0.387000 2.420329e+02
0.387000 3.435228e+02
0.387300 2.366752e+02
0.387600 3.154567e+02
0.387600 2.264486e+02
0.387900 2.120229e+02
0.388200 1.881718e+02
0.388200 3.072815e+02
0.388500 1.630384e+02
0.388800 3.261921e+02
0.388800 1.505175e+02
0.389100 1.580994e+02
0.389400 1.797767e+02
0.389400 3.578005e+02
0.389700 2.030647e+02
0.390000 2.206581e+02
0.390000 3.850398e+02
0.390300 2.337202e+02
0.390600 2.416145e+02
0.390600 4.006281e+02
0.390900 2.477991e+02
0.391200 2.515951e+02
0.391200 4.070662e+02
0.391500 2.521025e+02
0.391800 4.090105e+02
0.391800 2.530513e+02
0.392100 2.522105e+02
0.392400 2.531268e+02
0.392400 4.077348e+02
0.392700 2.526711e+02
0.393000 4.036263e+02
0.393000 2.513658e+02
0.393300 2.499746e+02
0.393600 3.967785e+02
0.393600 2.488609e+02
0.393900 2.487279e+02
0.394200 2.468827e+02
0.394200 3.844996e+02
0.394500 2.440727e+02
0.394800 2.403907e+02
0.394800 3.616852e+02
0.395100 2.366415e+02
0.395400 2.284510e+02
0.395400 3.294015e+02
0.395700 2.181151e+02
0.396000 3.031696e+02
0.396000 2.031461e+02
0.396300 1.821148e+02
0.396600 3.001473e+02
0.396600 1.581416e+02
0.396900 1.435304e+02
0.397200 1.482216e+02
0.397200 3.206582e+02
0.397500 1.673730e+02
0.397800 3.481903e+02
0.397800 1.898743e+02
0.398100 2.067540e+02
0.398400 2.175463e+02
0.398400 3.686193e+02
0.398700 2.268140e+02
0.399000 3.788901e+02
0.399000 2.312887e+02
0.399300 2.347098e+02
0.399600 2.382699e+02
0.399600 3.827340e+02
0.399900 2.386756e+02
0.400200 2.396779e+02
0.400200 3.845025e+02
0.400500 2.393145e+02
0.400800 3.850085e+02
0.400800 2.389279e+02
0.401100 2.389062e+02
0.401400 2.392851e+02
0.401400 3.836835e+02
0.401700 2.394763e+02
0.402000 2.384821e+02
0.402000 3.821262e+02
0.402300 2.349564e+02
0.402600 2.330349e+02
0.402600 3.824751e+02
0.402900 2.345386e+02
0.403200 3.838846e+02
0.403200 2.366668e+02
0.403500 2.383028e+02
0.403800 2.386997e+02
0.403800 3.843545e+02
0.404100 2.374789e+02
0.404400 3.834856e+02
0.404400 2.370634e+02
0.404700 2.369545e+02
0.405000 3.816269e+02
0.405000 2.366816e+02
0.405300 2.359532e+02
0.405600 2.357135e+02
0.405600 3.794895e+02
0.405900 2.340477e+02
0.406200 2.331376e+02
0.406200 3.763123e+02
0.406500 2.330465e+02
0.406800 2.307621e+02
0.406800 3.704178e+02
0.407100 2.299416e+02
0.407400 2.269617e+02
0.407400 3.604077e+02
0.407700 2.253298e+02
0.408000 2.221492e+02
0.408000 3.420966e+02
0.408300 2.181557e+02
0.408600 2.114050e+02
0.408600 3.132813e+02
0.408900 2.021128e+02
0.409200 1.881087e+02
0.409200 2.853989e+02
0.409500 1.693357e+02
0.409800 1.466433e+02
0.409800 2.769145e+02
0.410100 1.324618e+02
0.410400 1.364031e+02
0.410400 2.937255e+02
0.410700 1.551361e+02
0.411000 3.213096e+02
0.411000 1.770588e+02
0.411300 1.947356e+02
0.411600 2.062183e+02
0.411600 3.431768e+02
0.411900 2.144165e+02
0.412200 2.189346e+02
0.412200 3.555338e+02
0.412500 2.212769e+02
0.412800 2.220385e+02
0.412800 3.621751e+02
0.413100 2.238084e+02
0.413400 2.263965e+02
0.413400 3.664287e+02
0.413700 2.284820e+02
0.414000 2.286810e+02
0.414000 3.696362e+02
0.414300 2.289082e+02
0.414600 3.720730e+02
0.414600 2.296521e+02
0.414900 2.305974e+02
0.415200 2.314756e+02
0.415200 3.739204e+02
0.415500 2.320681e+02
0.415800 3.746329e+02
0.415800 2.325781e+02
0.416100 2.320821e+02
0.416400 2.323065e+02
0.416400 3.741768e+02
0.416700 2.314200e+02
0.417000 3.737164e+02
0.417000 2.309230e+02
0.417300 2.309391e+02
0.417600 2.312146e+02
0.417600 3.733871e+02
0.417900 2.314538e+02
0.418200 2.306339e+02
0.418200 3.729957e+02
0.418500 2.304281e+02
0.418800 2.302444e+02
0.418800 3.729574e+02
0.419100 2.300127e+02
0.419400 3.729724e+02
0.419400 2.297111e+02
0.419700 2.296199e+02
0.420000 2.284723e+02
0.420000 3.726638e+02
0.420300 2.291959e+02
0.420600 3.725695e+02
0.420600 2.290098e+02
0.420900 2.283322e+02
0.421200 3.729368e+02
0.421200 2.291821e+02
0.421500 2.295034e+02
0.421800 2.284500e+02
0.421800 3.731379e+02
0.422100 2.293701e+02
0.422400 3.728945e+02
0.422400 2.292425e+02
0.422700 2.288492e+02
0.423000 2.286323e+02
0.423000 3.726222e+02
0.423300 2.282864e+02
0.423600 2.284389e+02
0.423600 3.722777e+02
0.423900 2.278357e+02
0.424200 3.714173e+02
0.424200 2.285633e+02
0.424500 2.284471e+02
0.424800 2.285355e+02
0.424800 3.703061e+02
0.425100 2.285464e+02
0.425400 2.274638e+02
0.425400 3.691844e+02
0.425700 2.270865e+02
0.426000 2.268262e+02
0.426000 3.676599e+02
0.426300 2.262633e+02
0.426600 3.661956e+02
0.426600 2.257137e+02
0.426900 2.253400e+02
0.427200 2.258453e+02
0.427200 3.655758e+02
0.427500 2.262687e+02
0.427800 2.262474e+02
0.427800 3.655279e+02
0.428100 2.262414e+02
0.428400 3.657792e+02
0.428400 2.261477e+02
0.428700 2.266266e+02
0.429000 2.268060e+02
0.429000 3.656793e+02
0.429300 2.268944e+02
0.429600 2.267887e+02
0.429600 3.641247e+02
0.429900 2.265105e+02
0.430200 2.264649e+02
0.430200 3.610227e+02
0.430500 2.251932e+02
0.430800 2.240246e+02
0.430800 3.561914e+02
0.431100 2.229309e+02
0.431400 2.217838e+02
0.431400 3.486537e+02
0.431700 2.194695e+02
0.432000 3.357052e+02
0.432000 2.157594e+02
0.432300 2.117050e+02
0.432600 2.050276e+02
0.432600 3.133691e+02
0.432900 1.950326e+02
0.433200 2.857108e+02
0.433200 1.805018e+02
0.433500 1.612001e+02
0.433800 2.682210e+02
0.433800 1.419204e+02
0.434100 1.315607e+02
0.434400 2.737513e+02
0.434400 1.371916e+02
0.434700 1.545802e+02
0.435000 2.963601e+02
0.435000 1.752122e+02
0.435300 1.906725e+02
0.435600 2.015534e+02
0.435600 3.204016e+02
0.435900 2.089648e+02
0.436200 2.135414e+02
0.436200 3.374268e+02
0.436500 2.165069e+02
0.436800 2.194921e+02
0.436800 3.476561e+02
0.437100 2.211646e+02
0.437400 3.531069e+02
0.437400 2.228836e+02
0.437700 2.233704e+02
0.438000 2.231688e+02
0.438000 3.548782e+02
0.438300 2.228463e+02
0.438600 2.212989e+02
0.438600 3.550791e+02
0.438900 2.201970e+02
0.439200 2.218760e+02
0.439200 3.561060e+02
0.439500 2.238310e+02
0.439800 3.578232e+02
0.439800 2.255569e+02
0.440100 2.257709e+02
0.440400 2.250954e+02
0.440400 3.587380e+02
0.440700 2.248857e+02
0.441000 2.247532e+02
0.441000 3.588785e+02
0.441300 2.249933e+02
0.441600 2.249630e+02
0.441600 3.588195e+02
0.441900 2.252366e+02
0.442200 3.582129e+02
0.442200 2.248951e+02
0.442500 2.239330e+02
0.442800 2.234264e+02
0.442800 3.576219e+02
0.443100 2.228589e+02
0.443400 2.216994e+02
0.443400 3.576239e+02
0.443700 2.216277e+02
0.444000 2.223328e+02
0.444000 3.571112e+02
0.444300 2.227664e+02
0.444600 2.228704e+02
0.444600 3.561092e+02
0.444900 2.222330e+02
0.445200 2.216999e+02
0.445200 3.555363e+02
0.445500 2.213666e+02
0.445800 2.216146e+02
0.445800 3.543817e+02
0.446100 2.211459e+02
0.446400 2.209192e+02
0.446400 3.519100e+02
0.446700 2.193156e+02
0.447000 3.488777e+02
0.447000 2.163662e+02
0.447300 2.147178e+02
0.447600 2.148185e+02
0.447600 3.464473e+02
0.447900 2.136941e+02
0.448200 2.124256e+02
0.448200 3.459584e+02
0.448500 2.139050e+02
0.448800 2.172960e+02
0.448800 3.470137e+02
0.449100 2.186967e+02
0.449400 3.477509e+02
0.449400 2.193731e+02
0.449700 2.191675e+02
0.450000 2.193830e+02
0.450000 3.481298e+02
0.450300 2.192866e+02
0.450600 2.188984e+02
0.450600 3.480443e+02
0.450900 2.184621e+02
0.451200 2.186675e+02
0.451200 3.466501e+02
0.451500 2.181697e+02
0.451800 3.450988e+02
0.451800 2.183831e+02
0.452100 2.181800e+02
0.452400 2.178585e+02
0.452400 3.442573e+02
0.452700 2.174739e+02
0.453000 2.178643e+02
0.453000 3.433791e+02
0.453300 2.173817e+02
0.453600 2.172071e+02
0.453600 3.427665e+02
0.453900 2.169356e+02
0.454200 3.420240e+02
0.454200 2.170497e+02
0.454500 2.164575e+02
0.454800 2.164695e+02
0.454800 3.402854e+02
0.455100 2.163831e+02
0.455400 2.159562e+02
0.455400 3.386612e+02
0.455700 2.160959e+02
0.456000 2.161679e+02
0.456000 3.378634e+02
0.456300 2.158380e+02
0.456600 3.368507e+02
0.456600 2.161119e+02
0.456900 2.156296e+02
0.457200 2.153445e+02
0.457200 3.355779e+02
0.457500 2.151259e+02
0.457800 2.147981e+02
0.457800 3.343982e+02
0.458100 2.147168e+02
0.458400 3.332892e+02
0.458400 2.148076e+02
0.458700 2.145523e+02
0.459000 3.322293e+02
0.459000 2.142312e+02
0.459300 2.133681e+02
0.459600 2.132962e+02
0.459600 3.306864e+02
0.459900 2.131580e+02
0.460200 2.124617e+02
0.460200 3.289821e+02
0.460500 2.125920e+02
0.460800 2.126334e+02
0.460800 3.281773e+02
0.461100 2.122469e+02
0.461400 3.278786e+02
0.461400 2.119179e+02
0.461700 2.117455e+02
0.462000 2.115817e+02
0.462000 3.277733e+02
0.462300 2.108862e+02
0.462600 2.109381e+02
0.462600 3.276607e+02
0.462900 2.112070e+02
0.463200 2.104476e+02
0.463200 3.272344e+02
0.463500 2.104867e+02
0.463800 3.269682e+02
0.463800 2.103577e+02
0.464100 2.103260e+02
0.464400 2.100345e+02
0.464400 3.271056e+02
0.464700 2.100483e+02
0.465000 2.102499e+02
0.465000 3.273955e+02
0.465300 2.097058e+02
0.465600 2.096288e+02
0.465600 3.276348e+02
0.465900 2.094234e+02
0.466200 3.278109e+02
0.466200 2.086988e+02
0.466500 2.088526e+02
0.466800 2.088199e+02
0.466800 3.281196e+02
0.467100 2.084087e+02
0.467400 3.282637e+02
0.467400 2.085908e+02
0.467700 2.078305e+02
0.468000 2.077286e+02
0.468000 3.277823e+02
0.468300 2.083507e+02
0.468600 3.270303e+02
0.468600 2.077585e+02
0.468900 2.077240e+02
0.469200 2.077470e+02
0.469200 3.265518e+02
0.469500 2.076675e+02
0.469800 2.075656e+02
0.469800 3.262314e+02
0.470100 2.068085e+02
0.470400 2.066730e+02
0.470400 3.256354e+02
0.470700 2.069577e+02
0.471000 3.248859e+02
0.471000 2.060661e+02
0.471300 2.059235e+02
0.471600 2.051021e+02
0.471600 3.244482e+02
0.471900 2.053159e+02
0.472200 2.054998e+02
0.472200 3.240615e+02
0.472500 2.055991e+02
0.472800 2.054550e+02
0.472800 3.234028e+02
0.473100 2.048178e+02
0.473400 3.225318e+02
0.473400 2.047437e+02
0.473700 2.039150e+02
0.474000 2.029749e+02
0.474000 3.213196e+02
0.474300 2.027189e+02
0.474600 2.032175e+02
0.474600 3.200859e+02
0.474900 2.029196e+02
0.475200 2.026858e+02
0.475200 3.190794e+02
0.475500 2.017939e+02
0.475800 2.016195e+02
0.475800 3.182930e+02
0.476100 2.019833e+02
0.476400 2.015484e+02
0.476400 3.177694e+02
0.476700 2.010325e+02
0.477000 2.005384e+02
0.477000 3.170574e+02
0.477300 2.002150e+02
0.477600 2.003641e+02
0.477600 3.160335e+02
0.477900 2.001196e+02
0.478200 2.007518e+02
0.478200 3.154056e+02
0.478500 2.002679e+02
0.478800 2.003103e+02
0.478800 3.151255e+02
0.479100 1.999451e+02
0.479400 2.000196e+02
0.479400 3.143616e+02
0.479700 1.997454e+02
0.480000 1.995574e+02
0.480000 3.133558e+02
0.480300 1.999845e+02
0.480600 1.992974e+02
0.480600 3.128555e+02
0.480900 1.994360e+02
0.481200 1.990549e+02
0.481200 3.124007e+02
0.481500 1.985670e+02
0.481800 1.980729e+02
0.481800 3.111687e+02
0.482100 1.978169e+02
0.482400 3.093057e+02
0.482400 1.971204e+02
0.482700 1.961344e+02
0.483000 3.063957e+02
0.483000 1.953323e+02
0.483300 1.938789e+02
0.483600 3.015134e+02
0.483600 1.925237e+02
0.483900 1.906564e+02
0.484200 2.938179e+02
0.484200 1.877401e+02
0.484500 1.833560e+02
0.484800 1.771722e+02
0.484800 2.813121e+02
0.485100 1.675826e+02
0.485400 1.543565e+02
0.485400 2.637554e+02
0.485700 1.399889e+02
0.486000 2.470942e+02
0.486000 1.299566e+02
0.486300 1.268935e+02
0.486600 1.318587e+02
0.486600 2.399909e+02
0.486900 1.448663e+02
0.487200 2.466167e+02
0.487200 1.593611e+02
0.487500 1.711168e+02
0.487800 2.624017e+02
0.487800 1.793581e+02
0.488100 1.843687e+02
0.488400 1.879155e+02
0.488400 2.785415e+02
0.488700 1.902608e+02
0.489000 1.915269e+02
0.489000 2.893426e+02
0.489300 1.924837e+02
0.489600 1.936087e+02
0.489600 2.953952e+02
0.489900 1.946112e+02
0.490200 2.988688e+02
0.490200 1.946073e+02
0.490500 1.948761e+02
0.490800 1.946521e+02
0.490800 3.010001e+02
0.491100 1.950405e+02
0.491400 3.020195e+02
0.491400 1.950166e+02
0.491700 1.948874e+02
0.492000 3.018376e+02
0.492000 1.944530e+02
0.492300 1.937923e+02
0.492600 3.015195e+02
0.492600 1.940950e+02
0.492900 1.946734e+02
0.493200 3.013193e+02
0.493200 1.944913e+02
0.493500 1.944389e+02
0.493800 3.009045e+02
0.493800 1.942446e+02
0.494100 1.941831e+02
0.494400 3.006066e+02
0.494400 1.940458e+02
0.494700 1.938448e+02
0.495000 3.000513e+02
0.495000 1.931195e+02
0.495300 1.926893e+02
0.495600 1.933803e+02
0.495600 2.993128e+02
0.495900 1.931940e+02
0.496200 2.987996e+02
0.496200 1.931323e+02
0.496500 1.929243e+02
0.496800 2.982301e+02
0.496800 1.923182e+02
0.497100 1.922213e+02
0.497400 1.922861e+02
0.497400 2.978610e+02
0.497700 1.921175e+02
0.498000 2.975549e+02
0.498000 1.919883e+02
0.498300 1.917148e+02
0.498600 1.915700e+02
0.498600 2.969100e+02
0.498900 1.911160e+02
0.499200 2.962130e+02
0.499200 1.909155e+02
0.499500 1.913799e+02
0.499800 1.911469e+02
0.499800 2.953123e+02
0.500100 1.903246e+02
0.500400 2.939852e+02
0.500400 1.893094e+02
0.500700 1.900693e+02
0.501000 2.925372e+02
0.501000 1.898588e+02
0.501300 1.897045e+02
0.501600 2.915557e+02
0.501600 1.901510e+02
0.501900 1.903875e+02
0.502200 1.891675e+02
0.502200 2.908665e+02
0.502500 1.887751e+02
0.502800 2.897679e+02
0.502800 1.881673e+02
0.503100 1.877817e+02
0.503400 1.869690e+02
0.503400 2.884387e+02
0.503700 1.865780e+02
0.504000 2.871136e+02
0.504000 1.855959e+02
0.504300 1.852015e+02
0.504600 1.856188e+02
0.504600 2.859658e+02
0.504900 1.861755e+02
0.505200 2.853055e+02
0.505200 1.860717e+02
0.505500 1.846744e+02
0.505800 2.848260e+02
0.505800 1.842107e+02
0.506100 1.854964e+02
0.506400 2.845051e+02
0.506400 1.860454e+02
0.506700 1.862809e+02
0.507000 1.866915e+02
0.507000 2.845101e+02
0.507300 1.861751e+02
0.507600 2.843847e+02
0.507600 1.863307e+02
0.507900 1.865866e+02
0.508200 1.865515e+02
0.508200 2.843328e+02
0.508500 1.864325e+02
0.508800 1.864190e+02
0.508800 2.844246e+02
0.509100 1.858317e+02
0.509400 1.859736e+02
0.509400 2.841577e+02
0.509700 1.856618e+02
0.510000 1.853663e+02
0.510000 2.841209e+02
0.510300 1.853677e+02
0.510600 2.843714e+02
0.510600 1.854065e+02
0.510900 1.856084e+02
0.511200 2.843754e+02
0.511200 1.858579e+02
0.511500 1.857539e+02
0.511800 2.842045e+02
0.511800 1.855943e+02
0.512100 1.854773e+02
0.512400 2.841030e+02
0.512400 1.852600e+02
0.512700 1.853225e+02
0.513000 1.855242e+02
0.513000 2.841714e+02
0.513300 1.853137e+02
0.513600 1.849556e+02
0.513600 2.842564e+02
0.513900 1.845307e+02
0.514200 2.841336e+02
0.514200 1.842913e+02
0.514500 1.837553e+02
0.514800 1.835638e+02
0.514800 2.839064e+02
0.515100 1.835054e+02
0.515400 2.835623e+02
0.515400 1.836323e+02
0.515700 1.838476e+02
0.516000 1.839418e+02
0.516000 2.832593e+02
0.516300 1.841273e+02
0.516600 2.833213e+02
0.516600 1.848053e+02
0.516900 1.858404e+02
0.517200 1.856052e+02
0.517200 2.835506e+02
0.517500 1.841490e+02
0.517800 2.835026e+02
0.517800 1.831281e+02
0.518100 1.830859e+02
0.518400 1.830698e+02
0.518400 2.831490e+02
0.518700 1.834092e+02
0.519000 2.826795e+02
0.519000 1.832654e+02
0.519300 1.828190e+02
0.519600 1.828433e+02
0.519600 2.821263e+02
0.519900 1.827987e+02
0.520200 2.816786e+02
0.520200 1.825688e+02
0.520500 1.822447e+02
0.520800 1.825373e+02
0.520800 2.810957e+02
0.521100 1.819823e+02
0.521400 2.801861e+02
0.521400 1.810137e+02
0.521700 1.805125e+02
0.522000 1.803302e+02
0.522000 2.793934e+02
0.522300 1.811707e+02
0.522600 2.787721e+02
0.522600 1.807696e+02
0.522900 1.807839e+02
0.523200 1.814898e+02
0.523200 2.785754e+02
0.523500 1.817120e+02
0.523800 1.811376e+02
0.523800 2.788272e+02
0.524100 1.810821e+02
0.524400 1.803284e+02
0.524400 2.785332e+02
0.524700 1.797896e+02
0.525000 1.794211e+02
0.525000 2.776960e+02
0.525300 1.795863e+02
0.525600 2.769143e+02
0.525600 1.795357e+02
0.525900 1.789915e+02
0.526200 2.761820e+02
0.526200 1.783837e+02
0.526500 1.786181e+02
0.526800 2.756947e+02
0.526800 1.796222e+02
0.527100 1.801694e+02
0.527400 1.805846e+02
0.527400 2.755006e+02
0.527700 1.805215e+02
0.528000 1.799840e+02
0.528000 2.754647e+02
0.528300 1.795979e+02
0.528600 2.752073e+02
0.528600 1.789991e+02
0.528900 1.785370e+02
0.529200 2.745872e+02
0.529200 1.779283e+02
0.529500 1.780050e+02
0.529800 2.742497e+02
0.529800 1.777388e+02
0.530100 1.774343e+02
0.530400 2.741463e+02
0.530400 1.774456e+02
0.530700 1.772719e+02
0.531000 1.772308e+02
0.531000 2.740552e+02
0.531300 1.779861e+02
0.531600 2.740281e+02
0.531600 1.784316e+02
0.531900 1.780951e+02
0.532200 1.778373e+02
0.532200 2.737289e+02
0.532500 1.772397e+02
0.532800 2.732453e+02
0.532800 1.767737e+02
0.533100 1.763188e+02
0.533400 1.764945e+02
0.533400 2.727604e+02
0.533700 1.769356e+02
0.534000 2.724752e+02
0.534000 1.765221e+02
0.534300 1.763482e+02
0.534600 1.763559e+02
0.534600 2.727745e+02
0.534900 1.764526e+02
0.535200 1.765042e+02
0.535200 2.733381e+02
0.535500 1.766936e+02
0.535800 1.766358e+02
0.535800 2.738692e+02
0.536100 1.768384e+02
0.536400 1.768055e+02
0.536400 2.742666e+02
0.536700 1.768231e+02
0.537000 1.765244e+02
0.537000 2.748011e+02
0.537300 1.764005e+02
0.537600 1.763659e+02
0.537600 2.754314e+02
0.537900 1.763493e+02
0.538200 1.759587e+02
0.538200 2.754583e+02
0.538500 1.753198e+02
0.538800 1.751954e+02
0.538800 2.747081e+02
0.539100 1.748554e+02
0.539400 1.751424e+02
0.539400 2.734244e+02
0.539700 1.747873e+02
0.540000 2.716155e+02
0.540000 1.742108e+02
0.540300 1.740232e+02
0.540600 1.741598e+02
0.540600 2.694202e+02
0.540900 1.747274e+02
0.541200 1.746991e+02
0.541200 2.675532e+02
0.541500 1.749040e+02
0.541800 2.667289e+02
0.541800 1.746407e+02
0.542100 1.745027e+02
0.542400 2.665007e+02
0.542400 1.746694e+02
0.542700 1.744769e+02
0.543000 2.661509e+02
0.543000 1.738080e+02
0.543300 1.735793e+02
0.543600 1.733342e+02
0.543600 2.653461e+02
0.543900 1.735060e+02
0.544200 2.642041e+02
0.544200 1.735613e+02
0.544500 1.734917e+02
0.544800 1.731419e+02
0.544800 2.635413e+02
0.545100 1.730285e+02
0.545400 2.634552e+02
0.545400 1.727981e+02
0.545700 1.726169e+02
0.546000 1.725904e+02
0.546000 2.629806e+02
0.546300 1.723079e+02
0.546600 2.620697e+02
0.546600 1.718352e+02
0.546900 1.713925e+02
0.547200 1.717500e+02
0.547200 2.613122e+02
0.547500 1.720320e+02
0.547800 1.719895e+02
0.547800 2.606751e+02
0.548100 1.717719e+02
0.548400 1.717763e+02
0.548400 2.598716e+02
0.548700 1.715557e+02
0.549000 2.592132e+02
0.549000 1.714150e+02
0.549300 1.715307e+02
0.549600 2.589876e+02
0.549600 1.714511e+02
0.549900 1.714671e+02
0.550200 1.711805e+02
0.550200 2.590948e+02
0.550500 1.707888e+02
0.550800 1.702814e+02
0.550800 2.595625e+02
0.551100 1.704626e+02
0.551400 1.707706e+02
0.551400 2.598596e+02
0.551700 1.709349e+02
0.552000 2.598676e+02
0.552000 1.708165e+02
0.552300 1.709202e+02
0.552600 2.603978e+02
0.552600 1.711996e+02
0.552900 1.710208e+02
0.553200 1.709999e+02
0.553200 2.608002e+02
0.553500 1.710796e+02
0.553800 2.605156e+02
0.553800 1.708610e+02
0.554100 1.704187e+02
0.554400 2.604207e+02
0.554400 1.700322e+02
0.554700 1.696394e+02
0.555000 2.606029e+02
0.555000 1.697257e+02
0.555300 1.698226e+02
0.555600 2.607031e+02
0.555600 1.695760e+02
0.555900 1.693074e+02
0.556200 2.610068e+02
0.556200 1.692162e+02
0.556500 1.692060e+02
0.556800 2.613635e+02
0.556800 1.692246e+02
0.557100 1.689948e+02
0.557400 2.615218e+02
0.557400 1.689140e+02
0.557700 1.687273e+02
0.558000 2.615749e+02
0.558000 1.684594e+02
0.558300 1.681672e+02
0.558600 1.679961e+02
0.558600 2.611885e+02
0.558900 1.679652e+02
0.559200 1.677486e+02
0.559200 2.601892e+02
0.559500 1.678992e+02
0.559800 1.679263e+02
0.559800 2.589736e+02
0.560100 1.677102e+02
0.560400 2.579438e+02
0.560400 1.676530e+02
0.560700 1.676434e+02
0.561000 2.572577e+02
0.561000 1.674854e+02
0.561300 1.675396e+02
0.561600 2.565440e+02
0.561600 1.672987e+02
0.561900 1.668105e+02
0.562200 1.670262e+02
0.562200 2.556654e+02
0.562500 1.668846e+02
0.562800 1.665824e+02
0.562800 2.547769e+02
0.563100 1.663389e+02
0.563400 1.660846e+02
0.563400 2.537298e+02
0.563700 1.659668e+02
0.564000 2.529059e+02
0.564000 1.657000e+02
0.564300 1.656023e+02
0.564600 1.652838e+02
0.564600 2.522996e+02
0.564900 1.652530e+02
0.565200 1.654014e+02
0.565200 2.517370e+02
0.565500 1.654078e+02
0.565800 1.653923e+02
0.565800 2.516930e+02
0.566100 1.649784e+02
0.566400 1.649462e+02
0.566400 2.518802e+02
0.566700 1.647726e+02
0.567000 1.646306e+02
0.567000 2.517639e+02
0.567300 1.643145e+02
0.567600 1.642840e+02
0.567600 2.514276e+02
0.567900 1.641046e+02
0.568200 1.640558e+02
0.568200 2.511592e+02
0.568500 1.638655e+02
0.568800 1.635381e+02
0.568800 2.507104e+02
0.569100 1.630887e+02
0.569400 1.630630e+02
0.569400 2.496576e+02
0.569700 1.629401e+02
0.570000 1.628632e+02
0.570000 2.488894e+02
0.570300 1.627089e+02
0.570600 1.624305e+02
0.570600 2.485019e+02
0.570900 1.622456e+02
0.571200 2.480115e+02
0.571200 1.619046e+02
0.571500 1.616578e+02
0.571800 1.615430e+02
0.571800 2.475738e+02
0.572100 1.613329e+02
0.572400 2.470648e+02
0.572400 1.612745e+02
0.572700 1.610250e+02
0.573000 2.468854e+02
0.573000 1.608802e+02
0.573300 1.607706e+02
0.573600 1.609978e+02
0.573600 2.471240e+02
0.573900 1.607729e+02
0.574200 1.604304e+02
0.574200 2.472087e+02
0.574500 1.603573e+02
0.574800 1.603762e+02
0.574800 2.470387e+02
0.575100 1.600973e+02
0.575400 2.465485e+02
0.575400 1.602051e+02
0.575700 1.599498e+02
0.576000 2.463802e+02
0.576000 1.597759e+02
0.576300 1.598852e+02
0.576600 1.598065e+02
0.576600 2.467147e+02
0.576900 1.596831e+02
0.577200 1.597065e+02
0.577200 2.468509e+02
0.577500 1.595984e+02
0.577800 2.469210e+02
0.577800 1.595443e+02
0.578100 1.595475e+02
0.578400 1.593044e+02
0.578400 2.470645e+02
0.578700 1.594589e+02
0.579000 2.468540e+02
0.579000 1.596542e+02
0.579300 1.599581e+02
0.579600 1.600520e+02
0.579600 2.468045e+02
0.579900 1.603374e+02
0.580200 2.473251e+02
0.580200 1.605640e+02
0.580500 1.607433e+02
0.580800 2.476476e+02
0.580800 1.609798e+02
0.581100 1.611033e+02
0.581400 1.612515e+02
0.581400 2.478820e+02
0.581700 1.612226e+02
0.582000 2.484022e+02
0.582000 1.615542e+02
0.582300 1.615600e+02
0.582600 1.617725e+02
0.582600 2.488296e+02
0.582900 1.619095e+02
0.583200 2.490610e+02
0.583200 1.619822e+02
0.583500 1.617822e+02
0.583800 1.618597e+02
0.583800 2.490809e+02
0.584100 1.620314e+02
0.584400 2.491068e+02
0.584400 1.618179e+02
0.584700 1.619061e+02
0.585000 2.493890e+02
0.585000 1.620350e+02
0.585300 1.621259e+02
0.585600 2.495243e+02
0.585600 1.617602e+02
0.585900 1.618610e+02
0.586200 1.615465e+02
0.586200 2.491178e+02
0.586500 1.615313e+02
0.586800 2.481134e+02
0.586800 1.610356e+02
0.587100 1.607942e+02
0.587400 1.603046e+02
0.587400 2.469689e+02
0.587700 1.597554e+02
0.588000 2.460524e+02
0.588000 1.594771e+02
0.588300 1.597832e+02
0.588600 1.601384e+02
0.588600 2.454306e+02
0.588900 1.607973e+02
0.589200 1.607960e+02
0.589200 2.449543e+02
0.589500 1.609335e+02
0.589800 2.442332e+02
0.589800 1.609956e+02
0.590100 1.608986e+02
0.590400 2.437174e+02
0.590400 1.604121e+02
0.590700 1.602428e+02
0.591000 1.598722e+02
0.591000 2.432740e+02
0.591300 1.595858e+02
0.591600 2.423750e+02
0.591600 1.595676e+02
0.591900 1.592321e+02
0.592200 1.591528e+02
0.592200 2.419498e+02
0.592500 1.590333e+02
0.592800 2.419900e+02
0.592800 1.589155e+02
0.593100 1.590999e+02
0.593400 1.590645e+02
0.593400 2.415093e+02
0.593700 1.588595e+02
0.594000 2.404614e+02
0.594000 1.586047e+02
0.594300 1.584502e+02
0.594600 1.580831e+02
0.594600 2.394390e+02
0.594900 1.578195e+02
0.595200 1.577250e+02
0.595200 2.387005e+02
0.595500 1.577764e+02
0.595800 2.382402e+02
0.595800 1.576780e+02
0.596100 1.574914e+02
0.596400 1.573899e+02
0.596400 2.380853e+02
0.596700 1.572659e+02
0.597000 2.382254e+02
0.597000 1.573952e+02
0.597300 1.573706e+02
0.597600 1.573988e+02
0.597600 2.385363e+02
0.597900 1.574740e+02
0.598200 2.388106e+02
0.598200 1.572592e+02
0.598500 1.571575e+02
0.598800 1.573385e+02
0.598800 2.387290e+02
0.599100 1.577491e+02
0.599400 1.575883e+02
0.599400 2.386295e+02
0.599700 1.576417e+02
0.600000 1.576582e+02
0.600000 2.385157e+02
0.600300 1.575785e+02
0.600600 1.574883e+02
0.600600 2.378390e+02
0.600900 1.574157e+02
0.601200 2.374824e+02
0.601200 1.573840e+02
0.601500 1.571312e+02
0.601600 1.823897e+02
0.601800 2.379040e+02
0.601800 1.574702e+02
0.602000 1.824823e+02
0.602100 1.572617e+02
0.602400 2.382028e+02
0.602400 1.825464e+02
0.602400 1.574371e+02
0.602700 1.572827e+02
0.602800 1.820803e+02
0.603000 1.570386e+02
0.603000 2.381815e+02
0.603200 1.822190e+02
0.603300 1.571465e+02
0.603600 1.569296e+02
0.603600 2.381822e+02
0.603600 1.819019e+02
0.603900 1.569294e+02
0.604000 1.821830e+02
0.604200 1.569081e+02
0.604200 2.381487e+02
0.604400 1.822177e+02
0.604500 1.568979e+02
0.604800 2.381087e+02
0.604800 1.568076e+02
0.604800 1.820645e+02
0.605100 1.568013e+02
0.605200 1.820270e+02
0.605400 2.381534e+02
0.605400 1.567714e+02
0.605600 1.822042e+02
0.605700 1.568370e+02
0.606000 1.820430e+02
0.606000 1.569205e+02
0.606000 2.382584e+02
0.606300 1.572329e+02
0.606400 1.820904e+02
0.606600 1.571592e+02
0.606600 2.382931e+02
0.606800 1.822475e+02
0.606900 1.572172e+02
0.607200 1.823808e+02
0.607200 1.573548e+02
0.607200 2.381738e+02
0.607500 1.573638e+02
0.607600 1.823468e+02
0.607800 2.381724e+02
0.607800 1.575922e+02
0.608000 1.824651e+02
0.608100 1.576649e+02
0.608400 1.825587e+02
0.608400 1.577783e+02
0.608400 2.385394e+02
0.608700 1.579958e+02
0.608800 1.826024e+02
0.609000 1.580417e+02
0.609000 2.389909e+02
0.609200 1.827978e+02
0.609300 1.582404e+02
0.609600 2.395927e+02
0.609600 1.582935e+02
0.609600 1.825455e+02
0.610000 1.827924e+02
0.610200 2.405551e+02
0.610400 1.827792e+02
0.610800 1.829270e+02
0.610800 2.412986e+02
0.611200 1.828840e+02
0.611400 2.415246e+02
0.611600 1.829828e+02
0.612000 2.414665e+02
0.612000 1.828875e+02
0.612400 1.830602e+02
0.612600 2.413435e+02
0.612800 1.831187e+02
0.613200 1.832735e+02
0.613200 2.412546e+02
0.613600 1.831557e+02
0.613800 2.412727e+02
0.614000 1.830322e+02
0.614400 2.412421e+02
0.614400 1.831469e+02
0.614800 1.830606e+02
0.615000 2.410489e+02
0.615200 1.829158e+02
0.615600 2.408615e+02
0.615600 1.826967e+02
0.616000 1.826198e+02
0.616200 2.407215e+02
0.616400 1.824411e+02
0.616800 2.410199e+02
0.616800 1.823855e+02
0.617200 1.821876e+02
0.617400 2.413688e+02
0.617600 1.820071e+02
0.618000 2.408611e+02
0.618000 1.820696e+02
0.618400 1.819715e+02
0.618600 2.404904e+02
0.618800 1.818115e+02
0.619200 1.817190e+02
0.619200 2.405522e+02
0.619600 1.815046e+02
0.619800 2.402907e+02
0.620000 1.813598e+02
0.620400 2.397860e+02
0.620400 1.810627e+02
0.620800 1.808970e+02
0.621000 2.391327e+02
0.621200 1.805098e+02
0.621600 2.383354e+02
0.621600 1.799714e+02
0.622000 1.794536e+02
0.622200 2.375713e+02
0.622400 1.793053e+02
0.622800 2.370063e+02
0.622800 1.789501e+02
0.623200 1.783906e+02
0.623400 2.365745e+02
0.623600 1.783000e+02
0.624000 1.779489e+02
0.624000 2.357679e+02
0.624400 1.774605e+02
0.624600 2.348306e+02
0.624800 1.771849e+02
0.625200 1.767750e+02
0.625200 2.341043e+02
0.625600 1.760645e+02
0.625800 2.329234e+02
0.626000 1.758097e+02
0.626400 2.311209e+02
0.626400 1.753268e+02
0.626800 1.744996e+02
0.627000 2.285615e+02
0.627200 1.734342e+02
0.627600 1.720350e+02
0.627600 2.253068e+02
0.628000 1.703860e+02
0.628200 2.233087e+02
0.628400 1.701001e+02
0.628800 2.236508e+02
0.628800 1.694612e+02
0.629200 1.686705e+02
0.629400 2.246733e+02
0.629600 1.686156e+02
0.630000 2.254329e+02
0.630000 1.686663e+02
0.630400 1.682739e+02
0.630600 2.257851e+02
0.630800 1.684829e+02
0.631200 1.686873e+02
0.631200 2.258545e+02
0.631600 1.687087e+02
0.631800 2.263164e+02
0.632000 1.691658e+02
0.632400 1.694105e+02
0.632400 2.268414e+02
0.632800 1.695352e+02
0.633000 2.268358e+02
0.633200 1.694957e+02
0.633600 1.697422e+02
0.633600 2.266647e+02
0.634000 1.695794e+02
0.634200 2.265130e+02
0.634400 1.694375e+02
0.634800 2.267785e+02
0.634800 1.692488e+02
0.635200 1.691779e+02
0.635400 2.275371e+02
0.635600 1.693160e+02
0.636000 2.276321e+02
0.636000 1.693100e+02
0.636400 1.692976e+02
0.636600 2.271580e+02
0.636800 1.694456e+02
0.637200 2.269806e+02
0.637200 1.693496e+02
0.637600 1.695486e+02
0.637800 2.272935e+02
0.638000 1.694634e+02
0.638400 2.278158e+02
0.638400 1.695574e+02
0.638800 1.696343e+02
0.639000 2.280137e+02
0.639200 1.696179e+02
0.639600 1.696889e+02
0.639600 2.279888e+02
0.640000 1.697664e+02
0.640200 2.282129e+02
0.640400 1.698046e+02
0.640800 1.697567e+02
0.640800 2.286653e+02
0.641200 1.696904e+02
0.641400 2.290740e+02
0.641600 1.698102e+02
0.642000 1.699350e+02
0.642000 2.291650e+02
0.642400 1.698540e+02
0.642600 2.292053e+02
0.642800 1.699590e+02
0.643200 2.290431e+02
0.643200 1.698614e+02
0.643600 1.699048e+02
0.643800 2.284780e+02
0.644000 1.698153e+02
0.644400 2.278978e+02
0.644400 1.695149e+02
0.644800 1.693129e+02
0.645000 2.273106e+02
0.645200 1.692266e+02
0.645600 2.266878e+02
0.645600 1.692734e+02
0.646000 1.690592e+02
0.646200 2.258786e+02
0.646400 1.689532e+02
0.646800 2.247649e+02
0.646800 1.684363e+02
0.647200 1.681357e+02
0.647400 2.240761e+02
0.647600 1.677239e+02
0.648000 1.671852e+02
0.648000 2.239477e+02
0.648400 1.669974e+02
0.648600 2.236798e+02
0.648800 1.669491e+02
0.649200 2.238061e+02
0.649200 1.669896e+02
0.649600 1.669032e+02
0.649800 2.243621e+02
0.650000 1.669009e+02
0.650400 2.242100e+02
0.650400 1.668923e+02
0.650800 1.666475e+02
0.651000 2.234166e+02
0.651200 1.664498e+02
0.651600 1.662026e+02
0.651600 2.222188e+02
0.652000 1.660695e+02
0.652200 2.208884e+02
0.652400 1.657968e+02
0.652800 1.653029e+02
0.652800 2.200862e+02
0.653200 1.648380e+02
0.653400 2.189011e+02
0.653600 1.642774e+02
0.654000 1.632979e+02
0.654000 2.169911e+02
0.654400 1.619240e+02
0.654600 2.171723e+02
0.654800 1.601122e+02
0.655200 2.242056e+02
0.655200 1.592219e+02
0.655600 1.625716e+02
0.655800 2.363937e+02
0.656000 1.738181e+02
0.656400 2.402265e+02
0.656400 1.865969e+02
0.656800 1.877252e+02
0.657000 2.308314e+02
0.657200 1.784089e+02
0.657600 2.205802e+02
0.657600 1.687554e+02
0.658000 1.630557e+02
0.658200 2.170258e+02
0.658400 1.613012e+02
0.658800 2.175142e+02
0.658800 1.612908e+02
0.659200 1.617275e+02
0.659400 2.186048e+02
0.659600 1.620245e+02
0.660000 2.189275e+02
0.660000 1.622221e+02
0.660400 1.625543e+02
0.660600 2.193217e+02
0.660800 1.628329e+02
0.661200 2.195856e+02
0.661200 1.629062e+02
0.661600 1.629076e+02
0.661800 2.191840e+02
0.662000 1.629388e+02
0.662400 2.191558e+02
0.662400 1.629424e+02
0.662800 1.627555e+02
0.663000 2.191152e+02
0.663200 1.628739e+02
0.663600 2.186825e+02
0.663600 1.626778e+02
0.664000 1.627139e+02
0.664200 2.181459e+02
0.664400 1.623403e+02
0.664800 2.177216e+02
0.664800 1.624980e+02
0.665200 1.623076e+02
0.665400 2.177887e+02
0.665600 1.622161e+02
0.666000 2.175823e+02
0.666000 1.621639e+02
0.666400 1.619306e+02
0.666600 2.168483e+02
0.666800 1.618715e+02
0.667200 1.616230e+02
0.667200 2.161850e+02
0.667600 1.613343e+02
0.667800 2.154265e+02
0.668000 1.609415e+02
0.668400 2.151894e+02
0.668400 1.610306e+02
0.668800 1.610490e+02
0.669000 2.154524e+02
0.669200 1.611178e+02
0.669600 2.153843e+02
0.669600 1.610327e+02
0.670000 1.609759e+02
0.670200 2.151892e+02
0.670400 1.607250e+02
0.670800 2.148351e+02
0.670800 1.607614e+02
0.671200 1.606123e+02
0.671400 2.143726e+02
0.671600 1.605024e+02
0.672000 1.603815e+02
0.672000 2.143382e+02
0.672400 1.601435e+02
0.672600 2.142464e+02
0.672800 1.601398e+02
0.673200 1.599364e+02
0.673200 2.134830e+02
0.673600 1.598198e+02
0.673800 2.128706e+02
0.674000 1.596159e+02
0.674400 2.127198e+02
0.674400 1.593964e+02
0.674800 1.593175e+02
0.675000 2.121817e+02
0.675200 1.592758e+02
0.675600 1.592238e+02
0.675600 2.117026e+02
0.676000 1.589347e+02
0.676200 2.115056e+02
0.676400 1.588504e+02
0.676800 1.588155e+02
0.676800 2.108617e+02
0.677200 1.585009e+02
0.677400 2.102404e+02
0.677600 1.583485e+02
0.678000 2.099654e+02
0.678000 1.583704e+02
0.678400 1.581331e+02
0.678600 2.094996e+02
0.678800 1.580194e+02
0.679200 2.089464e+02
0.679200 1.579697e+02
0.679600 1.579078e+02
0.679800 2.086951e+02
0.680000 1.576237e+02
0.680400 1.575293e+02
0.680400 2.085842e+02
0.680800 1.573654e+02
0.681000 2.082747e+02
0.681200 1.570336e+02
0.681600 1.568582e+02
0.681600 2.079088e+02
0.682000 1.566091e+02
0.682200 2.077774e+02
0.682400 1.564369e+02
0.682800 2.075007e+02
0.682800 1.561677e+02
0.683200 1.559997e+02
0.683400 2.064485e+02
0.683600 1.555751e+02
0.684000 2.049974e+02
0.684000 1.554126e+02
0.684400 1.549417e+02
0.684600 2.032596e+02
0.684800 1.545127e+02
0.685200 1.539299e+02
0.685200 1.994352e+02
0.685600 1.531636e+02
0.685800 1.901758e+02
0.686000 1.518478e+02
0.686400 1.767471e+02
0.686400 1.466909e+02
0.686800 1.348703e+02
0.687000 1.682312e+02
0.687200 1.227874e+02
0.687600 1.692145e+02
0.687600 1.218657e+02
0.688000 1.287010e+02
0.688200 1.730882e+02
0.688400 1.342175e+02
0.688800 1.749611e+02
0.688800 1.338850e+02
0.689200 1.324293e+02
0.689400 1.771062e+02
0.689600 1.329943e+02
0.690000 1.809714e+02
0.690000 1.348632e+02
0.690400 1.372386e+02
0.690600 1.849708e+02
0.690800 1.394025e+02
0.691200 1.882124e+02
0.691200 1.415703e+02
0.691600 1.437146e+02
0.691800 1.905120e+02
0.692000 1.454838e+02
0.692400 1.919340e+02
0.692400 1.466942e+02
0.692800 1.477861e+02
0.693000 1.927214e+02
0.693200 1.485866e+02
0.693600 1.932044e+02
0.693600 1.490446e+02
0.694000 1.492656e+02
0.694200 1.936983e+02
0.694400 1.495201e+02
0.694800 1.947363e+02
0.694800 1.500767e+02
0.695200 1.502481e+02
0.695400 1.961753e+02
0.695600 1.503624e+02
0.696000 1.975968e+02
0.696000 1.505766e+02
0.696400 1.511332e+02
0.696600 1.991377e+02
0.696800 1.517419e+02
0.697200 1.996616e+02
0.697200 1.522314e+02
0.697600 1.521786e+02
0.697800 1.988177e+02
0.698000 1.520906e+02
0.698400 1.517628e+02
0.698400 1.976129e+02
0.698800 1.511233e+02
0.699000 1.962756e+02
0.699200 1.507080e+02
0.699600 1.956818e+02
0.699600 1.508236e+02
0.700000 1.509091e+02
0.700200 1.958791e+02
0.700400 1.506268e+02
0.700800 1.506077e+02
0.700800 1.960088e+02
0.701200 1.506669e+02
0.701400 1.962098e+02
0.701600 1.505783e+02
0.702000 1.962810e+02
0.702000 1.503864e+02
0.702400 1.503015e+02
0.702600 1.964350e+02
0.702800 1.502490e+02
0.703200 1.504559e+02
0.703200 1.967287e+02
0.703600 1.504152e+02
0.703800 1.968409e+02
0.704000 1.501096e+02
0.704400 1.500341e+02
0.704400 1.968991e+02
0.704800 1.500994e+02
0.705000 1.966232e+02
0.705200 1.499046e+02
0.705600 1.497036e+02
0.705600 1.965558e+02
0.706000 1.496407e+02
0.706200 1.969135e+02
0.706400 1.493695e+02
0.706800 1.495153e+02
0.706800 1.969041e+02
0.707200 1.495847e+02
0.707400 1.969495e+02
0.707600 1.497418e+02
0.708000 1.971153e+02
0.708000 1.497100e+02
0.708400 1.497352e+02
0.708600 1.972701e+02
0.708800 1.497271e+02
0.709200 1.973232e+02
0.709200 1.496418e+02
0.709600 1.497163e+02
0.709800 1.969485e+02
0.710000 1.495056e+02
0.710400 1.494337e+02
0.710400 1.963508e+02
0.710800 1.494836e+02
0.711000 1.956918e+02
0.711200 1.493815e+02
0.711600 1.494742e+02
0.711600 1.954450e+02
0.712000 1.492449e+02
0.712200 1.952482e+02
0.712400 1.491114e+02
0.712800 1.946513e+02
0.712800 1.489758e+02
0.713200 1.488235e+02
0.713400 1.940010e+02
0.713600 1.483412e+02
0.714000 1.928342e+02
0.714000 1.481447e+02
0.714400 1.480623e+02
0.714600 1.916247e+02
0.714800 1.476007e+02
0.715200 1.901694e+02
0.715200 1.472853e+02
0.715600 1.468564e+02
0.715800 1.868275e+02
0.716000 1.461637e+02
0.716400 1.451399e+02
0.716400 1.820414e+02
0.716800 1.432882e+02
0.717000 1.767596e+02
0.717200 1.411700e+02
0.717600 1.718736e+02
0.717600 1.395417e+02
0.718000 1.384511e+02
0.718200 1.689065e+02
0.718400 1.366741e+02
0.718800 1.350766e+02
0.718800 1.678665e+02
0.719200 1.355308e+02
0.719400 1.680319e+02
0.719600 1.358863e+02
0.720000 1.360073e+02
0.720000 1.700001e+02
0.720400 1.358952e+02
0.720600 1.738316e+02
0.720800 1.379912e+02
0.721200 1.410291e+02
0.721200 1.779126e+02
0.721600 1.426941e+02
0.721800 1.800596e+02
0.722000 1.431298e+02
0.722400 1.430016e+02
0.722400 1.788485e+02
0.722800 1.418996e+02
0.723000 1.752385e+02
0.723200 1.394252e+02
0.723600 1.371969e+02
0.723600 1.719920e+02
0.724000 1.366294e+02
0.724200 1.709918e+02
0.724400 1.371359e+02
0.724800 1.377056e+02
0.724800 1.713929e+02
0.725200 1.376481e+02
0.725400 1.721416e+02
0.725600 1.377094e+02
0.726000 1.729401e+02
0.726000 1.386575e+02
0.726400 1.382556e+02
0.726600 1.729170e+02
0.726800 1.381494e+02
0.727200 1.726751e+02
0.727200 1.381519e+02
0.727600 1.367630e+02
0.727800 1.733640e+02
0.728000 1.373761e+02
0.728400 1.393188e+02
0.728400 1.743555e+02
0.728800 1.390177e+02
0.729000 1.747700e+02
0.729200 1.381400e+02
0.729600 1.389513e+02
0.729600 1.750557e+02
0.730000 1.397742e+02
0.730200 1.759949e+02
0.730400 1.391837e+02
0.730800 1.394518e+02
0.730800 1.772973e+02
0.731200 1.398767e+02
0.731400 1.788517e+02
0.731600 1.401686e+02
0.732000 1.404475e+02
0.732000 1.810619e+02
0.732400 1.415830e+02
0.732600 1.831224e+02
0.732800 1.419372e+02
0.733200 1.417485e+02
0.733200 1.842475e+02
0.733600 1.418436e+02
0.733800 1.847828e+02
0.734000 1.422173e+02
0.734400 1.424044e+02
0.734400 1.851030e+02
0.734800 1.419119e+02
0.735000 1.850702e+02
0.735200 1.418283e+02
0.735600 1.420700e+02
0.735600 1.848860e+02
0.736000 1.418199e+02
0.736200 1.851018e+02
0.736400 1.415891e+02
0.736800 1.851362e+02
0.736800 1.414266e+02
0.737200 1.414198e+02
0.737400 1.850249e+02
0.737600 1.417320e+02
0.738000 1.417611e+02
0.738000 1.854265e+02
0.738400 1.417339e+02
0.738600 1.858484e+02
0.738800 1.417009e+02
0.739200 1.414066e+02
0.739200 1.863287e+02
0.739600 1.413572e+02
0.739800 1.868656e+02
0.740000 1.416648e+02
0.740400 1.415027e+02
0.740400 1.868692e+02
0.740800 1.414374e+02
0.741000 1.869263e+02
0.741200 1.414377e+02
0.741600 1.411539e+02
0.741600 1.869126e+02
0.742000 1.409338e+02
0.742200 1.864725e+02
0.742400 1.408259e+02
0.742800 1.407975e+02
0.742800 1.863696e+02
0.743200 1.406821e+02
0.743400 1.862627e+02
0.743600 1.404562e+02
0.744000 1.859105e+02
0.744000 1.405007e+02
0.744400 1.402585e+02
0.744600 1.857166e+02
0.744800 1.403355e+02
0.745200 1.854691e+02
0.745200 1.403242e+02
0.745600 1.402701e+02
0.745800 1.855572e+02
0.746000 1.403431e+02
0.746400 1.855961e+02
0.746400 1.401477e+02
0.746800 1.398067e+02
0.747000 1.851805e+02
0.747200 1.394032e+02
0.747600 1.393764e+02
0.747600 1.849676e+02
0.748000 1.391776e+02
0.748200 1.846598e+02
0.748400 1.389827e+02
0.748800 1.391506e+02
0.748800 1.844859e+02
0.749200 1.388777e+02
0.749400 1.845502e+02
0.749600 1.386293e+02
0.750000 1.842853e+02
0.750000 1.386981e+02
0.750400 1.385654e+02
0.750600 1.841605e+02
0.750800 1.385272e+02
0.751200 1.384427e+02
0.751200 1.838787e+02
0.751600 1.382728e+02
0.751800 1.831272e+02
0.752000 1.381658e+02
0.752400 1.380681e+02
0.752400 1.825606e+02
0.752800 1.376333e+02
0.753000 1.823009e+02
0.753200 1.373925e+02
0.753600 1.821960e+02
0.753600 1.372834e+02
0.754000 1.370711e+02
0.754200 1.816197e+02
0.754400 1.366137e+02
0.754800 1.808359e+02
0.754800 1.363115e+02
0.755200 1.359964e+02
0.755400 1.803500e+02
0.755600 1.355709e+02
0.756000 1.793555e+02
0.756000 1.351806e+02
0.756400 1.345997e+02
0.756600 1.780762e+02
0.756800 1.340191e+02
0.757200 1.332521e+02
0.757200 1.765436e+02
0.757600 1.324869e+02
0.757800 1.727079e+02
0.758000 1.311726e+02
0.758400 1.640684e+02
0.758400 1.295825e+02
0.758800 1.250524e+02
0.759000 1.472946e+02
0.759200 1.105802e+02
0.759600 8.368437e+01
0.759600 1.227944e+02
0.760000 5.661945e+01
0.760200 9.801751e+01
0.760400 4.055231e+01
0.760800 3.655717e+01
0.760800 8.220673e+01
0.761200 4.485386e+01
0.761400 7.936694e+01
0.761600 6.223282e+01
0.762000 8.484644e+01
0.762000 7.486671e+01
0.762400 7.175082e+01
0.762600 8.991017e+01
0.762800 6.338145e+01
0.763200 9.177457e+01
0.763200 6.093123e+01
0.763600 6.349892e+01
0.763800 9.421630e+01
0.764000 6.874889e+01
0.764400 1.007016e+02
0.764400 7.531829e+01
0.764800 8.241263e+01
0.765000 1.111472e+02
0.765200 9.014724e+01
0.765600 9.765294e+01
0.765600 1.227764e+02
0.766000 1.045067e+02
0.766200 1.342542e+02
0.766400 1.104816e+02
0.766800 1.447892e+02
0.766800 1.153986e+02
0.767200 1.193384e+02
0.767400 1.534434e+02
0.767600 1.225212e+02
0.768000 1.250483e+02
0.768000 1.606290e+02
0.768400 1.270439e+02
0.768600 1.663333e+02
0.768800 1.287682e+02
0.769200 1.301052e+02
0.769200 1.705365e+02
0.769600 1.312270e+02
0.769800 1.731946e+02
0.770000 1.321535e+02
0.770400 1.329901e+02
0.770400 1.749521e+02
0.770800 1.335339e+02
0.771000 1.767058e+02
0.771200 1.340649e+02
0.771600 1.340651e+02
0.771600 1.778091e+02
0.772000 1.337162e+02
0.772200 1.783760e+02
0.772400 1.333134e+02
0.772800 1.331297e+02
0.772800 1.794188e+02
0.773200 1.331308e+02
0.773400 1.802620e+02
0.773600 1.329957e+02
0.774000 1.330868e+02
0.774000 1.800935e+02
0.774400 1.330035e+02
0.774600 1.798176e+02
0.774800 1.329121e+02
0.775200 1.799315e+02
0.775200 1.327394e+02
0.775600 1.327931e+02
0.775800 1.799119e+02
0.776000 1.327721e+02
0.776400 1.799158e+02
0.776400 1.328674e+02
0.776800 1.327761e+02
0.777000 1.801942e+02
0.777200 1.325144e+02
0.777600 1.803018e+02
0.777600 1.322340e+02
0.778000 1.324146e+02
0.778200 1.800097e+02
0.778400 1.325272e+02
0.778800 1.796640e+02
0.778800 1.324204e+02
0.779200 1.321023e+02
0.779400 1.785395e+02
0.779600 1.320021e+02
0.780000 1.321705e+02
0.780400 1.318162e+02
0.780800 1.318728e+02
0.781200 1.318505e+02
0.781600 1.317181e+02
0.782000 1.317041e+02
0.782400 1.315054e+02
0.782800 1.314871e+02
0.783200 1.314768e+02
0.783600 1.313927e+02
0.784000 1.313197e+02
0.784400 1.311856e+02
0.784800 1.310648e+02
0.785200 1.309020e+02
0.785600 1.308199e+02
0.786000 1.305912e+02
0.786400 1.306424e+02
0.786800 1.303862e+02
0.787200 1.300398e+02
0.787600 1.297328e+02
0.788000 1.294867e+02
0.788400 1.294325e+02
0.788800 1.291694e+02
0.789200 1.287157e+02
0.789600 1.282419e+02
0.790000 1.279946e+02
0.790400 1.282180e+02
0.790800 1.286722e+02
0.791200 1.288232e+02
0.791600 1.288802e+02
0.792000 1.287564e+02
0.792400 1.287065e+02
0.792800 1.285457e+02
0.793200 1.286898e+02
0.793600 1.288880e+02
0.794000 1.289390e+02
0.794400 1.286700e+02
0.794800 1.282012e+02
0.795200 1.279613e+02
0.795600 1.276788e+02
0.796000 1.273542e+02
0.796400 1.272823e+02
0.796800 1.275795e+02
0.797200 1.278460e+02
0.797600 1.279682e+02
0.798000 1.280215e+02
0.798400 1.277493e+02
0.798800 1.277122e+02
0.799200 1.276661e+02
0.799600 1.275687e+02
0.800000 1.272182e+02
0.800400 1.270844e+02
0.800800 1.269675e+02
0.801200 1.268577e+02
0.801600 1.268356e+02
0.802000 1.268364e+02
0.802400 1.266975e+02
0.802800 1.267781e+02
0.803200 1.267863e+02
0.803600 1.268168e+02
0.804000 1.267346e+02
0.804400 1.267154e+02
0.804800 1.268409e+02
0.805200 1.270533e+02
0.805600 1.271670e+02
0.806000 1.271473e+02
0.806400 1.268896e+02
0.806800 1.269641e+02
0.807200 1.269094e+02
0.807600 1.269570e+02
0.808000 1.267748e+02
0.808400 1.265809e+02
0.808800 1.264228e+02
0.809200 1.263610e+02
0.809600 1.261612e+02
0.810000 1.260010e+02
0.810400 1.260191e+02
0.810800 1.256576e+02
0.811200 1.252208e+02
0.811600 1.250884e+02
0.812000 1.247187e+02
0.812400 1.243613e+02
0.812800 1.236640e+02
0.813200 1.224221e+02
0.813600 1.212691e+02
0.814000 1.208485e+02
0.814400 1.202559e+02
0.814800 1.192523e+02
0.815200 1.182834e+02
0.815600 1.172874e+02
0.816000 1.158461e+02
0.816400 1.143985e+02
0.816800 1.147722e+02
0.817200 1.161565e+02
0.817600 1.162195e+02
0.818000 1.156900e+02
0.818400 1.168109e+02
0.818800 1.175089e+02
0.819200 1.174615e+02
0.819600 1.177493e+02
0.820000 1.189417e+02
0.820400 1.210773e+02
0.820800 1.227930e+02
0.821200 1.226264e+02
0.821600 1.216839e+02
0.822000 1.198570e+02
0.822400 1.158802e+02
0.822800 1.111042e+02
0.823200 1.105853e+02
0.823600 1.150320e+02
0.824000 1.191614e+02
0.824400 1.210126e+02
0.824800 1.221589e+02
0.825200 1.224985e+02
0.825600 1.214051e+02
0.826000 1.206686e+02
0.826400 1.215795e+02
0.826800 1.218949e+02
0.827200 1.204200e+02
0.827600 1.184450e+02
0.828000 1.179767e+02
0.828400 1.185425e+02
0.828800 1.187235e+02
0.829200 1.190369e+02
0.829600 1.198366e+02
0.830000 1.203404e+02
0.830400 1.203067e+02
0.830800 1.206857e+02
0.831200 1.210758e+02
0.831600 1.205738e+02
0.832000 1.197960e+02
0.832400 1.204205e+02
0.832800 1.218551e+02
0.833200 1.223465e+02
0.833600 1.221844e+02
0.834000 1.223917e+02
0.834400 1.227727e+02
0.834800 1.228419e+02
0.835200 1.229477e+02
0.835600 1.225214e+02
0.836000 1.225235e+02
0.836400 1.224724e+02
0.836800 1.224920e+02
0.837200 1.225187e+02
0.837600 1.224351e+02
0.838000 1.224658e+02
0.838400 1.226096e+02
0.838800 1.224372e+02
0.839200 1.226385e+02
0.839600 1.226138e+02
0.840000 1.223327e+02
0.840400 1.221559e+02
0.840800 1.219097e+02
0.841200 1.218488e+02
0.841600 1.219920e+02
0.842000 1.219525e+02
0.842400 1.218271e+02
0.842800 1.214543e+02
0.843200 1.214518e+02
0.843600 1.212730e+02
0.844000 1.216156e+02
0.844400 1.227101e+02
0.844800 1.235202e+02
0.845200 1.232950e+02
0.845600 1.223114e+02
0.846000 1.210562e+02
0.846400 1.202029e+02
0.846800 1.199139e+02
0.847200 1.200089e+02
0.847600 1.205204e+02
0.848000 1.212325e+02
0.848400 1.217269e+02
0.848800 1.222721e+02
0.849200 1.233463e+02
0.849600 1.245136e+02
0.850000 1.243757e+02
0.850400 1.227339e+02
0.850800 1.205159e+02
0.851200 1.196703e+02
0.851600 1.204488e+02
0.852000 1.217701e+02
0.852400 1.224333e+02
0.852800 1.224790e+02
0.853200 1.221434e+02
0.853600 1.224386e+02
0.854000 1.232798e+02
0.854400 1.229977e+02
0.854800 1.210343e+02
0.855200 1.189420e+02
0.855600 1.181971e+02
0.856000 1.194376e+02
0.856400 1.213777e+02
0.856800 1.228983e+02
0.857200 1.234125e+02
0.857600 1.231973e+02
0.858000 1.219949e+02
0.858400 1.196161e+02
0.858800 1.167800e+02
0.859200 1.132062e+02
0.859600 1.104361e+02
0.860000 1.088064e+02
0.860400 1.094149e+02
0.860800 1.117008e+02
0.861200 1.150478e+02
0.861600 1.183321e+02
0.862000 1.210284e+02
0.862400 1.229953e+02
0.862800 1.238692e+02
0.863200 1.244504e+02
0.863600 1.244007e+02
0.864000 1.236475e+02
0.864400 1.222397e+02
0.864800 1.200362e+02
0.865200 1.175186e+02
0.865600 1.154800e+02
0.866000 1.143163e+02
0.866400 1.123040e+02
0.866800 1.106965e+02
0.867200 1.097598e+02
0.867600 1.106278e+02
0.868000 1.134256e+02
0.868400 1.168425e+02
0.868800 1.199086e+02
0.869200 1.219501e+02
0.869600 1.235208e+02
0.870000 1.244520e+02
0.870400 1.246296e+02
0.870800 1.246510e+02
0.871200 1.245125e+02
0.871600 1.240267e+02
0.872000 1.232077e+02
0.872400 1.219972e+02
0.872800 1.203306e+02
0.873200 1.178040e+02
0.873600 1.144535e+02
0.874000 1.102317e+02
0.874400 1.054773e+02
0.874800 1.014531e+02
0.875200 9.934552e+01
0.875600 1.001320e+02
0.876000 1.032893e+02
0.876400 1.074126e+02
0.876800 1.117938e+02
0.877200 1.154953e+02
0.877600 1.181956e+02
0.878000 1.201772e+02
0.878400 1.215625e+02
0.878800 1.225884e+02
0.879200 1.231888e+02
0.879600 1.235390e+02
0.880000 1.239933e+02
0.880400 1.242826e+02
0.880800 1.242490e+02
0.881200 1.239906e+02
0.881600 1.235322e+02
0.882000 1.229368e+02
0.882400 1.221677e+02
0.882800 1.215558e+02
0.883200 1.206982e+02
0.883600 1.193021e+02
0.884000 1.174611e+02
0.884400 1.149545e+02
0.884800 1.113094e+02
0.885200 1.068583e+02
0.885600 1.019245e+02
0.886000 9.772820e+01
0.886400 9.534551e+01
0.886800 9.571923e+01
0.887200 9.869729e+01
0.887600 1.029581e+02
0.888000 1.074587e+02
0.888400 1.113399e+02
0.888800 1.143240e+02
0.889200 1.165279e+02
0.889600 1.176732e+02
0.890000 1.187247e+02
0.890400 1.199717e+02
0.890800 1.207381e+02
0.891200 1.207612e+02
0.891600 1.207454e+02
0.892000 1.213510e+02
0.892400 1.213331e+02
0.892800 1.205926e+02
0.893200 1.199178e+02
0.893600 1.196290e+02
0.894000 1.193325e+02
0.894400 1.186347e+02
0.894800 1.172366e+02
0.895200 1.158072e+02
0.895600 1.143523e+02
0.896000 1.129936e+02
0.896400 1.110817e+02
0.896800 1.096347e+02
0.897200 1.093147e+02
0.897600 1.089333e+02
0.898000 1.087822e+02
0.898400 1.059173e+02
0.898800 1.000044e+02
0.899200 9.599954e+01
0.899600 9.758959e+01
0.900000 9.704594e+01
0.900400 9.195556e+01
0.900800 8.794655e+01
0.901200 8.521165e+01
0.901600 8.259771e+01
0.902000 8.241715e+01
0.902400 8.527371e+01
0.902800 9.000436e+01
0.903200 9.677573e+01
0.903600 1.032772e+02
0.904000 1.070133e+02
0.904400 1.086753e+02
0.904800 1.100503e+02
0.905200 1.108521e+02
0.905600 1.114634e+02
0.906000 1.115314e+02
0.906400 1.100396e+02
0.906800 1.080611e+02
0.907200 1.056295e+02
0.907600 1.054453e+02
0.908000 1.058335e+02
0.908400 1.057175e+02
0.908800 1.064321e+02
0.909200 1.073622e+02
0.909600 1.078769e+02
0.910000 1.069285e+02
0.910400 1.063441e+02
0.910800 1.072386e+02
0.911200 1.091821e+02
0.911600 1.094291e+02
0.912000 1.077546e+02
0.912400 1.080292e+02
0.912800 1.072373e+02
0.913200 1.034152e+02
0.913600 1.012959e+02
0.914000 1.037342e+02
0.914400 1.082841e+02
0.914800 1.090212e+02
0.915200 1.048790e+02
0.915600 1.009945e+02
0.916000 1.029615e+02
0.916400 1.074565e+02
0.916800 1.084669e+02
0.917200 1.055415e+02
0.917600 1.025365e+02
0.918000 1.033225e+02
0.918400 1.057712e+02
0.918800 1.069799e+02
0.919200 1.076233e+02
0.919600 1.065335e+02
0.920000 1.066774e+02
0.920400 1.072334e+02
0.920800 1.055360e+02
0.921200 1.022710e+02
0.921600 9.836114e+01
0.922000 9.425371e+01
0.922400 9.104781e+01
0.922800 8.820654e+01
0.923200 8.670057e+01
0.923600 8.711318e+01
0.924000 8.948160e+01
0.924400 9.309856e+01
0.924800 9.665834e+01
0.925200 1.000314e+02
0.925600 1.026868e+02
0.926000 1.038750e+02
0.926400 1.040789e+02
0.926800 1.052541e+02
0.927200 1.061709e+02
0.927600 1.049780e+02
0.928000 1.025490e+02
0.928400 1.011103e+02
0.928800 1.010604e+02
0.929200 1.005273e+02
0.929600 9.815503e+01
0.930000 9.459893e+01
0.930400 9.210230e+01
0.930800 8.954117e+01
0.931200 8.526838e+01
0.931600 8.063591e+01
0.932000 7.527602e+01
0.932400 7.339753e+01
0.932800 7.266597e+01
0.933200 7.291038e+01
0.933600 6.909956e+01
0.934000 6.284341e+01
0.934400 5.875317e+01
0.934800 6.235472e+01
0.935200 7.113433e+01
0.935600 6.825437e+01
0.936000 6.538432e+01
0.936400 7.067478e+01
0.936800 7.037656e+01
0.937200 6.628431e+01
0.937600 6.744719e+01
0.938000 6.878588e+01
0.938400 6.991256e+01
0.938800 7.825180e+01
0.939200 8.784266e+01
0.939600 9.399455e+01
0.940000 9.359666e+01
0.940400 9.145127e+01
0.940800 9.043109e+01
0.941200 8.881916e+01
0.941600 8.839506e+01
0.942000 8.835145e+01
0.942400 8.398180e+01
0.942800 7.649853e+01
0.943200 7.341726e+01
0.943600 7.803832e+01
0.944000 7.527299e+01
0.944400 6.959263e+01
0.944800 7.607304e+01
0.945200 8.363591e+01
0.945600 8.023874e+01
0.946000 7.401135e+01
0.946400 7.476656e+01
0.946800 8.017388e+01
0.947200 8.330666e+01
0.947600 8.308861e+01
0.948000 7.983488e+01
0.948400 7.773426e+01
0.948800 8.289436e+01
0.949200 8.622725e+01
0.949600 7.865537e+01
0.950000 7.075455e+01
0.950400 7.366322e+01
0.950800 8.514645e+01
0.951200 9.157148e+01
0.951600 8.670906e+01
0.952000 7.702021e+01
0.952400 7.138155e+01
0.952800 7.294795e+01
0.953200 7.637037e+01
0.953600 7.710717e+01
0.954000 7.368770e+01
0.954400 6.952163e+01
0.954800 6.672504e+01
0.955200 6.808282e+01
0.955600 6.921882e+01
0.956000 7.058446e+01
0.956400 7.438942e+01
0.956800 7.672110e+01
0.957200 8.191340e+01
0.957600 8.840103e+01
0.958000 8.983739e+01
0.958400 8.748906e+01
0.958800 8.598221e+01
0.959200 8.413217e+01
0.959600 8.408217e+01
0.960000 8.860249e+01
0.960400 9.175565e+01
0.960800 9.251386e+01
0.961200 9.377173e+01
0.961600 9.523889e+01
0.962000 9.356464e+01
0.962400 9.127112e+01
0.962800 9.188664e+01
0.963200 9.511845e+01
0.963600 9.688761e+01
0.964000 9.408481e+01
0.964400 9.324334e+01
0.964800 9.489333e+01
0.965200 9.691829e+01
0.965600 9.940696e+01
0.966000 9.912225e+01
0.966400 9.698992e+01
0.966800 9.625825e+01
0.967200 9.937939e+01
0.967600 1.024551e+02
0.968000 1.041685e+02
0.968400 1.041073e+02
0.968800 1.046709e+02
0.969200 1.060924e+02
0.969600 1.062187e+02
0.970000 1.055084e+02
0.970400 1.050602e+02
0.970800 1.052996e+02
0.971200 1.061342e+02
0.971600 1.054145e+02
0.972000 1.043018e+02
0.972400 1.043492e+02
0.972800 1.041768e+02
0.973200 1.036402e+02
0.973600 1.021907e+02
0.974000 1.005623e+02
0.974400 1.004326e+02
0.974800 1.009814e+02
0.975200 1.008662e+02
0.975600 1.009709e+02
0.976000 1.004002e+02
0.976400 1.011320e+02
0.976800 1.026515e+02
0.977200 1.047957e+02
0.977600 1.056886e+02
0.978000 1.049536e+02
0.978400 1.040215e+02
0.978800 1.037620e+02
0.979200 1.038151e+02
0.979600 1.035947e+02
0.980000 1.039281e+02
0.980400 1.047303e+02
0.980800 1.053861e+02
0.981200 1.069791e+02
0.981600 1.079235e+02
0.982000 1.078015e+02
0.982400 1.070606e+02
0.982800 1.071694e+02
0.983200 1.066431e+02
0.983600 1.074271e+02
0.984000 1.079674e+02
0.984400 1.079876e+02
0.984800 1.080128e+02
0.985200 1.080204e+02
0.985600 1.088806e+02
0.986000 1.092279e+02
0.986400 1.090051e+02
0.986800 1.088846e+02
0.987200 1.085805e+02
0.987600 1.090803e+02
0.988000 1.088453e+02
0.988400 1.095718e+02
0.988800 1.097479e+02
0.989200 1.093682e+02
0.989600 1.091783e+02
0.990000 1.094031e+02
0.990400 1.092585e+02
0.990800 1.090568e+02
0.991200 1.094538e+02
0.991600 1.090717e+02
0.992000 1.088104e+02
0.992400 1.090772e+02
0.992800 1.087831e+02
0.993200 1.085883e+02
0.993600 1.087303e+02
0.994000 1.092664e+02
0.994400 1.087979e+02
0.994800 1.089950e+02
0.995200 1.091931e+02
0.995600 1.093610e+02
0.996000 1.099300e+02
0.996400 1.090209e+02
0.996800 1.088412e+02
0.997200 1.087069e+02
0.997600 1.088080e+02
0.998000 1.090005e+02
0.998400 1.086250e+02
0.998800 1.081123e+02
0.999200 1.084820e+02
0.999600 1.085166e+02
1.000000 1.080919e+02
1.000400 1.086598e+02
1.000800 1.073721e+02
1.001200 1.069057e+02
1.001600 1.057162e+02
1.002000 1.039616e+02
1.002400 1.023010e+02
1.002800 1.009241e+02
1.003200 9.956056e+01
1.003600 9.681183e+01
1.004000 9.374107e+01
1.004400 9.168399e+01
1.004800 8.996157e+01
1.005200 8.879314e+01
1.005600 8.916309e+01
1.006000 9.042264e+01
1.006400 9.288614e+01
1.006800 9.492217e+01
1.007200 9.657249e+01
1.007600 9.959672e+01
1.008000 1.011740e+02
1.008400 1.028729e+02
1.008800 1.044954e+02
1.009200 1.040017e+02
1.009600 1.052197e+02
1.010000 1.050982e+02
1.010400 1.050931e+02
1.010800 1.055864e+02
1.011200 1.068283e+02
1.011600 1.062935e+02
1.012000 1.063456e+02
1.012400 1.069327e+02
1.012800 1.064600e+02
1.013200 1.070004e+02
1.013600 1.078129e+02
1.014000 1.076999e+02
1.014400 1.072504e+02
1.014800 1.074887e+02
1.015200 1.054136e+02
1.015600 1.064368e+02
1.016000 1.076674e+02
1.016400 1.049868e+02
1.016800 1.082399e+02
1.017200 1.079612e+02
1.017600 1.076423e+02
1.018000 1.072603e+02
1.018400 1.076147e+02
1.018800 1.063029e+02
1.019200 1.071817e+02
1.019600 1.082808e+02
1.020000 1.067700e+02
1.020400 1.063496e+02
1.020800 1.069273e+02
1.021200 1.062632e+02
1.021600 1.057497e+02
1.022000 1.057732e+02
1.022400 1.065487e+02
1.022800 1.061260e+02
1.023200 1.051730e+02
1.023600 1.052213e+02
1.024000 1.064213e+02
1.024400 1.053167e+02
1.024800 1.076808e+02
1.025200 1.079792e+02
1.025600 1.068043e+02
1.026000 1.064189e+02
1.026400 1.074526e+02
1.026800 1.069547e+02
1.027200 1.078188e+02
1.027600 1.077634e+02
1.028000 1.068461e+02
1.028400 1.082261e+02
1.028800 1.079268e+02
1.029200 1.084342e+02
1.029600 1.097438e+02
1.030000 1.070583e+02
1.030400 1.062955e+02
1.030800 1.062615e+02
1.031200 1.069717e+02
1.031600 1.060951e+02
1.032000 1.042990e+02
1.032400 1.058475e+02
1.032800 1.045057e+02
1.033200 1.045093e+02
1.033600 1.042960e+02
1.034000 1.053202e+02
1.034400 1.048091e+02
1.034800 1.063874e+02
1.035200 1.065836e+02
1.035600 1.076966e+02
1.036000 1.039760e+02
1.036400 1.049897e+02
1.036800 1.065302e+02
1.037200 1.060544e+02
1.037600 1.064501e+02
1.038000 1.041243e+02
1.038400 1.067651e+02
1.038800 1.057232e+02
1.039200 1.062001e+02
1.039600 1.058569e+02
1.040000 1.071793e+02
1.040400 1.063183e+02
1.040800 1.047973e+02
1.041200 1.055399e+02
1.041600 1.076116e+02
1.042000 1.075202e+02
1.042400 1.079333e+02
1.042800 1.093122e+02
1.043200 1.068006e+02
1.043600 1.091420e+02
1.044000 1.052413e+02
1.044400 1.098937e+02
1.044800 1.090303e+02
1.045200 1.108759e+02
1.045600 1.109325e+02
1.046000 1.102936e+02
1.046400 1.099660e+02
1.046800 1.117182e+02
1.047200 1.112116e+02
1.047600 1.106257e+02
1.048000 1.114770e+02
