# wavelength_um flux_jy
0.321000 6.430133e+01
0.321600 6.350805e+01
0.322200 6.301720e+01
0.322800 6.265602e+01
0.323400 6.258380e+01
0.324000 6.260465e+01
0.324600 6.239701e+01
0.325200 6.207204e+01
0.325800 6.180124e+01
0.326400 6.158567e+01
0.327000 6.129937e+01
0.327600 6.080583e+01
0.328200 6.032260e+01
0.328800 6.002531e+01
0.329400 5.960308e+01
0.330000 5.900673e+01
0.330600 5.867235e+01
0.331200 5.862026e+01
0.331800 5.842947e+01
0.332400 5.807684e+01
0.333000 5.786876e+01
0.333600 5.772979e+01
0.334200 5.747141e+01
0.334800 5.725457e+01
0.335400 5.708252e+01
0.336000 5.684024e+01
0.336600 5.670081e+01
0.337200 5.665066e+01
0.337800 5.653202e+01
0.338400 5.653004e+01
0.339000 5.652777e+01
0.339600 5.614771e+01
0.340200 5.566533e+01
0.340800 5.532186e+01
0.341400 5.495983e+01
0.342000 5.461494e+01
0.342600 5.389030e+01
0.343200 5.270240e+01
0.343800 5.223928e+01
0.344400 5.287585e+01
0.345000 5.351494e+01
0.345600 5.386842e+01
0.346200 5.428308e+01
0.346800 5.448528e+01
0.347400 5.445485e+01
0.348000 5.449935e+01
0.348600 5.446971e+01
0.349200 5.433488e+01
0.349800 5.421914e+01
0.350400 5.405491e+01
0.351000 5.391083e+01
0.351600 5.388573e+01
0.352200 5.378779e+01
0.352800 5.353030e+01
0.353400 5.330273e+01
0.354000 5.318818e+01
0.354600 5.313080e+01
0.355200 5.304722e+01
0.355800 5.286131e+01
0.356400 5.263174e+01
0.357000 5.248834e+01
0.357600 5.254985e+01
0.358200 5.277240e+01
0.358800 5.293745e+01
0.359400 5.293925e+01
0.360000 5.278866e+01
0.360600 5.260137e+01
0.361200 5.262795e+01
0.361800 5.273029e+01
0.362400 5.261139e+01
0.363000 5.246508e+01
0.363600 5.248108e+01
0.364200 5.245317e+01
0.364800 5.229815e+01
0.365400 5.217352e+01
0.366000 5.213398e+01
0.366600 5.211133e+01
0.367200 5.209084e+01
0.367800 5.214192e+01
0.368400 5.228784e+01
0.369000 5.248679e+01
0.369600 5.283420e+01
0.370200 5.345118e+01
0.370800 5.424198e+01
0.371400 5.514574e+01
0.372000 5.625404e+01
0.372600 5.737924e+01
0.373200 5.826714e+01
0.373800 5.913604e+01
0.374400 6.021243e+01
0.375000 6.127228e+01
0.375600 6.210700e+01
0.376200 6.296603e+01
0.376800 6.408734e+01
0.377400 6.500466e+01
0.378000 6.526467e+01
0.378600 6.542812e+01
0.379200 6.618767e+01
0.379800 6.733745e+01
0.380400 6.823745e+01
0.381000 6.851720e+01
0.381600 6.826221e+01
0.382200 6.805285e+01
0.382800 6.856215e+01
0.383400 6.982050e+01
0.384000 7.122069e+01
0.384600 7.214571e+01
0.385200 7.246205e+01
0.385800 7.234377e+01
0.386400 7.179495e+01
0.387000 7.088982e+01
0.387600 7.017598e+01
0.388200 7.019679e+01
0.388800 7.092311e+01
0.389400 7.192040e+01
0.390000 7.255010e+01
0.390600 7.257267e+01
0.391200 7.226708e+01
0.391800 7.194224e+01
0.392400 7.184274e+01
0.393000 7.195140e+01
0.393600 7.187262e+01
0.394200 7.139672e+01
0.394800 7.038912e+01
0.395400 6.889102e+01
0.396000 6.768262e+01
0.396600 6.750700e+01
0.397200 6.813446e+01
0.397800 6.892977e+01
0.398400 6.942509e+01
0.399000 6.936504e+01
0.399600 6.897197e+01
0.400200 6.858992e+01
0.400800 6.816798e+01
0.401400 6.763447e+01
0.402000 6.729479e+01
0.402600 6.737504e+01
0.403200 6.761155e+01
0.403800 6.760391e+01
0.404400 6.738613e+01
0.405000 6.717738e+01
0.405600 6.697142e+01
0.406200 6.661212e+01
0.406800 6.611259e+01
0.407400 6.556634e+01
0.408000 6.485029e+01
0.408600 6.379669e+01
0.409200 6.273614e+01
0.409800 6.234902e+01
0.410400 6.274585e+01
0.411000 6.344104e+01
0.411600 6.403825e+01
0.412200 6.433578e+01
0.412800 6.431293e+01
0.413400 6.414885e+01
0.414000 6.403878e+01
0.414600 6.411921e+01
0.415200 6.432593e+01
0.415800 6.452388e+01
0.416400 6.466250e+01
0.417000 6.472418e+01
0.417600 6.480446e+01
0.418200 6.499512e+01
0.418800 6.516597e+01
0.419400 6.529744e+01
0.420000 6.548284e+01
0.420600 6.559175e+01
0.421200 6.558244e+01
0.421800 6.563312e+01
0.422400 6.573418e+01
0.423000 6.578828e+01
0.423600 6.577451e+01
0.424200 6.566267e+01
0.424800 6.555971e+01
0.425400 6.557403e+01
0.426000 6.554424e+01
0.426600 6.547549e+01
0.427200 6.551506e+01
0.427800 6.559692e+01
0.428400 6.560902e+01
0.429000 6.557292e+01
0.429600 6.550761e+01
0.430200 6.539232e+01
0.430800 6.514953e+01
0.431400 6.474955e+01
0.432000 6.418175e+01
0.432600 6.340552e+01
0.433200 6.252406e+01
0.433800 6.194696e+01
0.434400 6.205536e+01
0.435000 6.272451e+01
0.435600 6.353383e+01
0.436200 6.409306e+01
0.436800 6.428924e+01
0.437400 6.421645e+01
0.438000 6.394798e+01
0.438600 6.373806e+01
0.439200 6.385745e+01
0.439800 6.416027e+01
0.440400 6.432581e+01
0.441000 6.435750e+01
0.441600 6.431402e+01
0.442200 6.420501e+01
0.442800 6.410997e+01
0.443400 6.406444e+01
0.444000 6.403953e+01
0.444600 6.406025e+01
0.445200 6.404713e+01
0.445800 6.376482e+01
0.446400 6.321436e+01
0.447000 6.274175e+01
0.447600 6.266670e+01
0.448200 6.296123e+01
0.448800 6.327273e+01
0.449400 6.347233e+01
0.450000 6.357018e+01
0.450600 6.346140e+01
0.451200 6.330479e+01
0.451800 6.323195e+01
0.452400 6.309741e+01
0.453000 6.295891e+01
0.453600 6.287289e+01
0.454200 6.272694e+01
0.454800 6.255872e+01
0.455400 6.240827e+01
0.456000 6.221900e+01
0.456600 6.198661e+01
0.457200 6.179785e+01
0.457800 6.177931e+01
0.458400 6.181916e+01
0.459000 6.169833e+01
0.459600 6.149158e+01
0.460200 6.138084e+01
0.460800 6.135618e+01
0.461400 6.136411e+01
0.462000 6.132040e+01
0.462600 6.116546e+01
0.463200 6.104196e+01
0.463800 6.095934e+01
0.464400 6.084422e+01
0.465000 6.076864e+01
0.465600 6.079706e+01
0.466200 6.088071e+01
0.466800 6.094494e+01
0.467400 6.095126e+01
0.468000 6.089278e+01
0.468600 6.083598e+01
0.469200 6.075250e+01
0.469800 6.056023e+01
0.470400 6.030944e+01
0.471000 6.009248e+01
0.471600 5.991206e+01
0.472200 5.983393e+01
0.472800 5.988669e+01
0.473400 5.998345e+01
0.474000 5.998232e+01
0.474600 5.985870e+01
0.475200 5.974483e+01
0.475800 5.964600e+01
0.476400 5.953292e+01
0.477000 5.941793e+01
0.477600 5.933041e+01
0.478200 5.933948e+01
0.478800 5.935192e+01
0.479400 5.924358e+01
0.480000 5.913617e+01
0.480600 5.905582e+01
0.481200 5.896708e+01
0.481800 5.890341e+01
0.482400 5.883182e+01
0.483000 5.875784e+01
0.483600 5.865058e+01
0.484200 5.847619e+01
0.484800 5.831560e+01
0.485400 5.827236e+01
0.486000 5.833389e+01
0.486600 5.831246e+01
0.487200 5.809961e+01
0.487800 5.782504e+01
0.488400 5.760215e+01
0.489000 5.750970e+01
0.489600 5.752515e+01
0.490200 5.751282e+01
0.490800 5.737069e+01
0.491400 5.707120e+01
0.492000 5.675633e+01
0.492600 5.655128e+01
0.493200 5.652002e+01
0.493800 5.667760e+01
0.494400 5.681471e+01
0.495000 5.686144e+01
0.495600 5.686128e+01
0.496200 5.669672e+01
0.496800 5.647657e+01
0.497400 5.634495e+01
0.498000 5.626249e+01
0.498600 5.624701e+01
0.499200 5.614165e+01
0.499800 5.577204e+01
0.500400 5.537906e+01
0.501000 5.518834e+01
0.501600 5.503414e+01
0.502200 5.494072e+01
0.502800 5.498439e+01
0.503400 5.499004e+01
0.504000 5.490352e+01
0.504600 5.481295e+01
0.505200 5.473515e+01
0.505800 5.469125e+01
0.506400 5.477289e+01
0.507000 5.491045e+01
0.507600 5.495355e+01
0.508200 5.496574e+01
0.508800 5.497668e+01
0.509400 5.497944e+01
0.510000 5.499007e+01
0.510600 5.496969e+01
0.511200 5.493440e+01
0.511800 5.487549e+01
0.512400 5.484760e+01
0.513000 5.492520e+01
0.513600 5.496331e+01
0.514200 5.495787e+01
0.514800 5.497630e+01
0.515400 5.497651e+01
0.516000 5.493887e+01
0.516600 5.489196e+01
0.517200 5.492211e+01
0.517800 5.491712e+01
0.518400 5.480596e+01
0.519000 5.468190e+01
0.519600 5.452536e+01
0.520200 5.437839e+01
0.520800 5.432031e+01
0.521400 5.432487e+01
0.522000 5.427029e+01
0.522600 5.412208e+01
0.523200 5.402114e+01
0.523800 5.394050e+01
0.524400 5.383174e+01
0.525000 5.378550e+01
0.525600 5.372613e+01
0.526200 5.360162e+01
0.526800 5.350095e+01
0.527400 5.342993e+01
0.528000 5.332947e+01
0.528600 5.326633e+01
0.529200 5.334635e+01
0.529800 5.345917e+01
0.530400 5.350186e+01
0.531000 5.353103e+01
0.531600 5.349414e+01
0.532200 5.343942e+01
0.532800 5.344384e+01
0.533400 5.337442e+01
0.534000 5.335200e+01
0.534600 5.346829e+01
0.535200 5.355147e+01
0.535800 5.366470e+01
0.536400 5.379609e+01
0.537000 5.381695e+01
0.537600 5.379531e+01
0.538200 5.364168e+01
0.538800 5.329006e+01
0.539400 5.295862e+01
0.540000 5.272610e+01
0.540600 5.245705e+01
0.541200 5.222557e+01
0.541800 5.209365e+01
0.542400 5.193552e+01
0.543000 5.172752e+01
0.543600 5.150177e+01
0.544200 5.131409e+01
0.544800 5.123994e+01
0.545400 5.118208e+01
0.546000 5.103095e+01
0.546600 5.083760e+01
0.547200 5.069910e+01
0.547800 5.059989e+01
0.548400 5.042888e+01
0.549000 5.017910e+01
0.549600 4.998866e+01
0.550200 4.986534e+01
0.550800 4.975525e+01
0.551400 4.961219e+01
0.552000 4.945440e+01
0.552600 4.937080e+01
0.553200 4.928880e+01
0.553800 4.915129e+01
0.554400 4.905818e+01
0.555000 4.900090e+01
0.555600 4.892557e+01
0.556200 4.888085e+01
0.556800 4.882119e+01
0.557400 4.866733e+01
0.558000 4.850117e+01
0.558600 4.833960e+01
0.559200 4.816128e+01
0.559800 4.798667e+01
0.560400 4.777561e+01
0.561000 4.755965e+01
0.561600 4.743021e+01
0.562200 4.738074e+01
0.562800 4.730654e+01
0.563400 4.716195e+01
0.564000 4.708312e+01
0.564600 4.707162e+01
0.565200 4.703715e+01
0.565800 4.700751e+01
0.566400 4.699385e+01
0.567000 4.694104e+01
0.567600 4.686585e+01
0.568200 4.684105e+01
0.568800 4.682365e+01
0.569400 4.679397e+01
0.570000 4.678783e+01
0.570600 4.679943e+01
0.571200 4.688878e+01
0.571800 4.701379e+01
0.572400 4.708628e+01
0.573000 4.709203e+01
0.573600 4.704651e+01
0.574200 4.710315e+01
0.574800 4.721742e+01
0.575400 4.722770e+01
0.576000 4.730648e+01
0.576600 4.739837e+01
0.577200 4.736056e+01
0.577800 4.744248e+01
0.578400 4.758979e+01
0.579000 4.763065e+01
0.579600 4.773519e+01
0.580200 4.785161e+01
0.580800 4.790430e+01
0.581400 4.799308e+01
0.582000 4.805677e+01
0.582600 4.809463e+01
0.583200 4.810308e+01
0.583800 4.803488e+01
0.584400 4.804136e+01
0.585000 4.809840e+01
0.585600 4.805180e+01
0.586200 4.790649e+01
0.586800 4.764489e+01
0.587400 4.729577e+01
0.588000 4.690096e+01
0.588600 4.644895e+01
0.589200 4.607125e+01
0.589800 4.591654e+01
0.590400 4.594204e+01
0.591000 4.602336e+01
0.591600 4.616008e+01
0.592200 4.623401e+01
0.592800 4.611795e+01
0.593400 4.598612e+01
0.594000 4.590411e+01
0.594600 4.580997e+01
0.595200 4.582515e+01
0.595800 4.592839e+01
0.596400 4.598750e+01
0.597000 4.604751e+01
0.597600 4.607764e+01
0.598200 4.603586e+01
0.598800 4.602793e+01
0.599400 4.603215e+01
0.600000 4.599248e+01
0.600600 4.593405e+01
0.601200 4.589240e+01
0.601800 4.585170e+01
0.602400 4.579264e+01
0.603000 4.571850e+01
0.603600 4.567239e+01
0.604200 4.568151e+01
0.604800 4.569032e+01
0.605400 4.573116e+01
0.606000 4.581212e+01
0.606600 4.585321e+01
0.607200 4.589369e+01
0.607800 4.594671e+01
0.608400 4.596539e+01
0.609000 4.601154e+01
0.609600 4.610445e+01
0.610200 4.617991e+01
0.610800 4.624415e+01
0.611400 4.630952e+01
0.612000 4.638890e+01
0.612600 4.645149e+01
0.613200 4.646863e+01
0.613800 4.648832e+01
0.614400 4.644380e+01
0.615000 4.642621e+01
0.615600 4.646822e+01
0.616200 4.645867e+01
0.616800 4.644476e+01
0.617400 4.637729e+01
0.618000 4.630778e+01
0.618600 4.633086e+01
0.619200 4.630220e+01
0.619800 4.625695e+01
0.620400 4.623997e+01
0.621000 4.619647e+01
0.621600 4.613775e+01
0.622200 4.600624e+01
0.622800 4.589064e+01
0.623400 4.584628e+01
0.624000 4.575086e+01
0.624600 4.561496e+01
0.625200 4.542819e+01
0.625800 4.515533e+01
0.626400 4.483648e+01
0.627000 4.449777e+01
0.627600 4.418271e+01
0.628200 4.390988e+01
0.628800 4.379166e+01
0.629400 4.384481e+01
0.630000 4.391036e+01
0.630600 4.397024e+01
0.631200 4.403900e+01
0.631800 4.409865e+01
0.632400 4.412944e+01
0.633000 4.417561e+01
0.633600 4.424811e+01
0.634200 4.427656e+01
0.634800 4.426882e+01
0.635400 4.417035e+01
0.636000 4.408672e+01
0.636600 4.413342e+01
0.637200 4.415337e+01
0.637800 4.410518e+01
0.638400 4.404521e+01
0.639000 4.399329e+01
0.639600 4.392943e+01
0.640200 4.386459e+01
0.640800 4.384050e+01
0.641400 4.381063e+01
0.642000 4.381844e+01
0.642600 4.385828e+01
0.643200 4.380599e+01
0.643800 4.370883e+01
0.644400 4.363377e+01
0.645000 4.354849e+01
0.645600 4.342573e+01
0.646200 4.329840e+01
0.646800 4.311358e+01
0.647400 4.294277e+01
0.648000 4.291318e+01
0.648600 4.293782e+01
0.649200 4.306525e+01
0.649800 4.322516e+01
0.650400 4.329600e+01
0.651000 4.342922e+01
0.651600 4.363547e+01
0.652200 4.384401e+01
0.652800 4.416741e+01
0.653400 4.479999e+01
0.654000 4.593106e+01
0.654600 4.827049e+01
0.655200 5.224566e+01
0.655800 5.652031e+01
0.656400 5.843058e+01
0.657000 5.605960e+01
0.657600 5.106498e+01
0.658200 4.700782e+01
0.658800 4.500304e+01
0.659400 4.417850e+01
0.660000 4.375626e+01
0.660600 4.346900e+01
0.661200 4.325133e+01
0.661800 4.309344e+01
0.662400 4.303210e+01
0.663000 4.291692e+01
0.663600 4.273093e+01
0.664200 4.256208e+01
0.664800 4.245936e+01
0.665400 4.238841e+01
0.666000 4.220160e+01
0.666600 4.202107e+01
0.667200 4.183651e+01
0.667800 4.166820e+01
0.668400 4.169156e+01
0.669000 4.178991e+01
0.669600 4.190794e+01
0.670200 4.196414e+01
0.670800 4.187338e+01
0.671400 4.171542e+01
0.672000 4.158338e+01
0.672600 4.153788e+01
0.673200 4.151670e+01
0.673800 4.153583e+01
0.674400 4.151708e+01
0.675000 4.142020e+01
0.675600 4.138151e+01
0.676200 4.135293e+01
0.676800 4.130168e+01
0.677400 4.122794e+01
0.678000 4.106150e+01
0.678600 4.086448e+01
0.679200 4.084582e+01
0.679800 4.094724e+01
0.680400 4.092883e+01
0.681000 4.085542e+01
0.681600 4.078057e+01
0.682200 4.067336e+01
0.682800 4.058989e+01
0.683400 4.050977e+01
0.684000 4.039027e+01
0.684600 4.013036e+01
0.685200 3.947113e+01
0.685800 3.834905e+01
0.686400 3.696182e+01
0.687000 3.574021e+01
0.687600 3.536630e+01
0.688200 3.575748e+01
0.688800 3.609737e+01
0.689400 3.632910e+01
0.690000 3.674042e+01
0.690600 3.721336e+01
0.691200 3.757145e+01
0.691800 3.776027e+01
0.692400 3.781704e+01
0.693000 3.779858e+01
0.693600 3.777802e+01
0.694200 3.785346e+01
0.694800 3.804257e+01
0.695400 3.830876e+01
0.696000 3.861698e+01
0.696600 3.882712e+01
0.697200 3.896831e+01
0.697800 3.903094e+01
0.698400 3.884529e+01
0.699000 3.870762e+01
0.699600 3.867971e+01
0.700200 3.854887e+01
0.700800 3.851345e+01
0.701400 3.851564e+01
0.702000 3.852331e+01
0.702600 3.869182e+01
0.703200 3.884521e+01
0.703800 3.892283e+01
0.704400 3.898972e+01
0.705000 3.898323e+01
0.705600 3.893681e+01
0.706200 3.888608e+01
0.706800 3.888733e+01
0.707400 3.897037e+01
0.708000 3.903191e+01
0.708600 3.904460e+01
0.709200 3.901731e+01
0.709800 3.895145e+01
0.710400 3.893780e+01
0.711000 3.890951e+01
0.711600 3.881538e+01
0.712200 3.873508e+01
0.712800 3.857246e+01
0.713400 3.838180e+01
0.714000 3.814832e+01
0.714600 3.773472e+01
0.715200 3.725595e+01
0.715800 3.658338e+01
0.716400 3.563594e+01
0.717000 3.456184e+01
0.717600 3.358316e+01
0.718200 3.295088e+01
0.718800 3.257025e+01
0.719400 3.254459e+01
0.720000 3.299151e+01
0.720600 3.367987e+01
0.721200 3.447354e+01
0.721800 3.493595e+01
0.722400 3.473257e+01
0.723000 3.416868e+01
0.723600 3.368087e+01
0.724200 3.348137e+01
0.724800 3.351214e+01
0.725400 3.364431e+01
0.726000 3.373737e+01
0.726600 3.373255e+01
0.727200 3.373608e+01
0.727800 3.380639e+01
0.728400 3.391437e+01
0.729000 3.408354e+01
0.729600 3.426180e+01
0.730200 3.448715e+01
0.730800 3.481240e+01
0.731400 3.517779e+01
0.732000 3.572287e+01
0.732600 3.629142e+01
0.733200 3.665082e+01
0.733800 3.697739e+01
0.734400 3.717813e+01
0.735000 3.719845e+01
0.735600 3.718310e+01
0.736200 3.732615e+01
0.736800 3.768425e+01
0.737400 3.790069e+01
0.738000 3.799046e+01
0.738600 3.808939e+01
0.739200 3.824694e+01
0.739800 3.842261e+01
0.740400 3.848633e+01
0.741000 3.864957e+01
0.741600 3.879930e+01
0.742200 3.875002e+01
0.742800 3.879970e+01
0.743400 3.879437e+01
0.744000 3.873657e+01
0.744600 3.884545e+01
0.745200 3.888776e+01
0.745800 3.883771e+01
0.746400 3.881593e+01
0.747000 3.883937e+01
0.747600 3.887696e+01
0.748200 3.886204e+01
0.748800 3.886484e+01
0.749400 3.889313e+01
0.750000 3.893370e+01
0.750600 3.892050e+01
0.751200 3.882327e+01
0.751800 3.872688e+01
0.752400 3.860938e+01
0.753000 3.842222e+01
0.753600 3.819208e+01
0.754200 3.805344e+01
0.754800 3.793547e+01
0.755400 3.775424e+01
0.756000 3.755363e+01
0.756600 3.708968e+01
0.757200 3.651819e+01
0.757800 3.575886e+01
0.758400 3.405202e+01
0.759000 3.117075e+01
0.759600 2.712180e+01
0.760200 2.282407e+01
0.760800 2.042899e+01
0.761400 2.042746e+01
0.762000 2.144831e+01
0.762600 2.213151e+01
0.763200 2.231064e+01
0.763800 2.275044e+01
0.764400 2.393438e+01
0.765000 2.565221e+01
0.765600 2.749117e+01
0.766200 2.940764e+01
0.766800 3.124763e+01
0.767400 3.279850e+01
0.768000 3.399291e+01
0.768600 3.493152e+01
0.769200 3.571678e+01
0.769800 3.625544e+01
0.770400 3.661378e+01
0.771000 3.698484e+01
0.771600 3.728964e+01
0.772200 3.741808e+01
0.772800 3.756168e+01
0.773400 3.773030e+01
0.774000 3.776312e+01
0.774600 3.781921e+01
0.775200 3.783654e+01
0.775800 3.785965e+01
0.776400 3.805519e+01
0.777000 3.815846e+01
0.777600 3.816764e+01
0.778200 3.814966e+01
0.778800 3.804133e+01
0.779400 3.777852e+01
0.780000 3.741336e+01
0.780600 3.727836e+01
0.781200 3.721184e+01
0.781800 3.705696e+01
0.782400 3.691549e+01
0.783000 3.667419e+01
0.783600 3.658637e+01
0.784200 3.655518e+01
0.784800 3.640791e+01
0.785400 3.659191e+01
0.786000 3.687338e+01
0.786600 3.666708e+01
